  0.100000000000000E+001 -0.198144075640163E+004  0.164975073500665E+002  0.899475291008369E+000  0.200846137907920E+002  0.831546444417402E+002 -0.214364473786597E+001  0.625232100486755E+000  0.818770647048950E+000  0.910801708698273E+000
  0.100000000000000E+001 -0.198139244277697E+004  0.232686267056556E+002  0.691590254293870E+000  0.234345406566535E+002  0.826676298540336E+002 -0.209676305942655E+001  0.638656079769135E+000  0.822489500045776E+000  0.910800993442535E+000
  0.100000000000000E+001 -0.198139132103354E+004  0.255390882625708E+002  0.627126693075885E+000  0.218860138148417E+002  0.794294091827514E+002 -0.210036210322681E+001  0.642640292644501E+000  0.814085364341736E+000  0.904886424541473E+000
  0.100000000000000E+001 -0.198138454852745E+004  0.219916256329986E+002  0.780631935964684E+000  0.211565480909456E+002  0.927505582229408E+002 -0.213379346670380E+001  0.662010848522186E+000  0.839289128780365E+000  0.923086583614349E+000
  0.100000000000000E+001 -0.198133447014985E+004  0.311764901014699E+002  0.613216119890724E+000  0.204491670724873E+002  0.927644606725676E+002 -0.209415058246252E+001  0.665987908840179E+000  0.827378809452057E+000  0.912262737751007E+000
  0.100000000000000E+001 -0.198132538290007E+004  0.235806048128120E+002  0.696830568444933E+000  0.208893492393881E+002  0.781402632767599E+002 -0.209301606523058E+001  0.624519884586334E+000  0.804391920566559E+000  0.901553094387054E+000
  0.100000000000000E+001 -0.198132496737837E+004  0.141017274459116E+002  0.932899799405433E+000  0.207976662514930E+002  0.814505653924140E+002 -0.210228493935366E+001  0.649842977523804E+000  0.828734874725342E+000  0.915237009525299E+000
  0.100000000000000E+001 -0.198127261165506E+004  0.205365968475602E+002  0.829932092970674E+000  0.195741335793445E+002  0.836952560635029E+002 -0.213770160274284E+001  0.614094972610474E+000  0.809327304363251E+000  0.906386673450470E+000
  0.100000000000000E+001 -0.198126890554998E+004  0.278931768964967E+002  0.619562998795992E+000  0.228303060869793E+002  0.914379262555109E+002 -0.212843318611841E+001  0.678567230701447E+000  0.838475763797760E+000  0.918796598911285E+000
  0.100000000000000E+001 -0.198126300397495E+004  0.293854737686927E+002  0.678978851216334E+000  0.193672449194640E+002  0.913889324031590E+002 -0.209975390195064E+001  0.652520060539246E+000  0.817614734172821E+000  0.907148122787476E+000
  0.100000000000000E+001 -0.198123829870561E+004  0.155823755911631E+002  0.958936568100754E+000  0.195608357448499E+002  0.896831690150106E+002 -0.212987051172417E+001  0.636945664882660E+000  0.827068150043488E+000  0.918644726276398E+000
  0.100000000000000E+001 -0.198121157675937E+004  0.231617695562784E+002  0.801830134512220E+000  0.187222547296610E+002  0.878387207014306E+002 -0.212600381454212E+001  0.634029924869537E+000  0.813301980495453E+000  0.908338248729706E+000
  0.100000000000000E+001 -0.198119419484756E+004  0.268268882181873E+002  0.661826468967417E+000  0.215033478581557E+002  0.837536021062156E+002 -0.213768413113724E+001  0.633016049861908E+000  0.807895183563232E+000  0.904006183147430E+000
  0.100000000000000E+001 -0.198110211784128E+004  0.184008937202026E+002  0.804423148018186E+000  0.231679842542317E+002  0.858824780132408E+002 -0.210873334291184E+001  0.653808534145355E+000  0.835968196392059E+000  0.920126974582672E+000
  0.100000000000000E+001 -0.198110130388053E+004  0.337426393828347E+002  0.550222265534966E+000  0.197815163975014E+002  0.903944821193469E+002 -0.210600582117639E+001  0.668469607830048E+000  0.822631120681763E+000  0.909012854099274E+000
  0.100000000000000E+001 -0.198107521348499E+004  0.191854978584903E+002  0.818951537546011E+000  0.208937390151334E+002  0.757898039910568E+002 -0.211833840342048E+001  0.588131844997406E+000  0.794751107692719E+000  0.898422360420227E+000
  0.100000000000000E+001 -0.198094734569518E+004  0.223558171345079E+002  0.696211373077583E+000  0.227663903958902E+002  0.818162879278936E+002 -0.208483406990782E+001  0.646699488162994E+000  0.826062977313995E+000  0.912183523178101E+000
  0.100000000000000E+001 -0.198093805540910E+004  0.335782980864823E+002  0.502027294360423E+000  0.213867725898584E+002  0.889934679669535E+002 -0.211375709300539E+001  0.675396621227264E+000  0.830831348896027E+000  0.908931791782379E+000
  0.100000000000000E+001 -0.198087574805025E+004  0.196061383913308E+002  0.808922604273718E+000  0.227251630661168E+002  0.863371942972952E+002 -0.215260740407220E+001  0.632457196712494E+000  0.827507793903351E+000  0.916192412376404E+000
  0.100000000000000E+001 -0.198087458959859E+004  0.148094792289700E+002  0.959142528393778E+000  0.205997815990871E+002  0.851684964433767E+002 -0.210960183001027E+001  0.628419697284698E+000  0.820383846759796E+000  0.914016425609589E+000
  0.100000000000000E+001 -0.198086490131851E+004  0.196628021695938E+002  0.851235424736203E+000  0.200834619152947E+002  0.910335331902939E+002 -0.214100244099858E+001  0.647285461425781E+000  0.833189904689789E+000  0.919641137123108E+000
  0.100000000000000E+001 -0.198084937397045E+004  0.221459831771400E+002  0.732971981868670E+000  0.231373381224458E+002  0.899389101244661E+002 -0.211484954081352E+001  0.666361153125763E+000  0.841010749340057E+000  0.923002421855927E+000
  0.100000000000000E+001 -0.198068388974106E+004  0.261251649546295E+002  0.642070411417104E+000  0.215525172116361E+002  0.842167390617916E+002 -0.207556535187488E+001  0.654305160045624E+000  0.820492208003998E+000  0.909725546836853E+000
  0.100000000000000E+001 -0.198064170460526E+004  0.252937851170345E+002  0.718283047806743E+000  0.209638565626765E+002  0.842254932819396E+002 -0.213075126176696E+001  0.617782771587372E+000  0.803544759750366E+000  0.903781950473785E+000
  0.100000000000000E+001 -0.198057978322668E+004  0.280825036413549E+002  0.590402848398793E+000  0.216191533778196E+002  0.827483657147276E+002 -0.208350867358962E+001  0.653646647930145E+000  0.818175494670868E+000  0.906172692775726E+000
  0.100000000000000E+001 -0.197426708335092E+004  0.195221319159758E+002  0.931734401442373E+000  0.180590864540953E+002  0.923201092917335E+002 -0.215551657614824E+001  0.620352804660797E+000  0.818410933017731E+000  0.913589358329773E+000
  0.100000000000000E+001 -0.198055513501884E+004  0.190317418607328E+002  0.809715604099743E+000  0.209076446917203E+002  0.742061586999103E+002 -0.209263235185089E+001  0.589991986751556E+000  0.793563425540924E+000  0.897448897361755E+000
  0.100000000000000E+001 -0.198053846239102E+004  0.202899680197769E+002  0.864160389719757E+000  0.185146205202606E+002  0.868582061746464E+002 -0.211601842891277E+001  0.623336791992188E+000  0.815336048603058E+000  0.909256160259247E+000
  0.100000000000000E+001 -0.197404756821212E+004  0.230043554038065E+002  0.636881997803397E+000  0.237228418768794E+002  0.783491624918336E+002 -0.212198342233117E+001  0.650546610355377E+000  0.827688932418823E+000  0.910417675971985E+000
  0.100000000000000E+001 -0.198051445277674E+004  0.179432982135569E+002  0.898538698286794E+000  0.199240333479080E+002  0.918880266239303E+002 -0.209881241534893E+001  0.647813141345978E+000  0.834444105625153E+000  0.921384274959564E+000
  0.100000000000000E+001 -0.198050313651799E+004  0.156326971656047E+002  0.907289647708684E+000  0.214142237387731E+002  0.854047849627234E+002 -0.208409044581064E+001  0.635148763656616E+000  0.830183506011963E+000  0.916892707347870E+000
  0.100000000000000E+001 -0.198044054612474E+004  0.256890911226320E+002  0.782945056470135E+000  0.178966303076156E+002  0.933796552164406E+002 -0.212152635661065E+001  0.655622720718384E+000  0.824481666088104E+000  0.912096858024597E+000
  0.100000000000000E+001 -0.198037799807645E+004  0.306216268760089E+002  0.621184981884441E+000  0.196874055531240E+002  0.921252387921351E+002 -0.214603052398386E+001  0.672916710376740E+000  0.827776014804840E+000  0.911809146404266E+000
  0.100000000000000E+001 -0.198037653704451E+004  0.224888352788877E+002  0.701291551143171E+000  0.214618446937067E+002  0.771501537378062E+002 -0.208144884683970E+001  0.625159919261932E+000  0.808381140232086E+000  0.903015077114105E+000
  0.100000000000000E+001 -0.198037322357918E+004  0.190647732385819E+002  0.795080401825370E+000  0.217077491661086E+002  0.749280661984330E+002 -0.207668129065834E+001  0.595510065555573E+000  0.799387633800507E+000  0.900139451026917E+000
  0.100000000000000E+001 -0.198027534357800E+004  0.304785044554203E+002  0.582485184002040E+000  0.217868776118701E+002  0.926313234742991E+002 -0.215209826248760E+001  0.681676864624023E+000  0.838546574115753E+000  0.917191922664642E+000
  0.100000000000000E+001 -0.198026173929882E+004  0.162102738917774E+002  0.898629098557572E+000  0.196863092780718E+002  0.789990659130661E+002 -0.209129231287592E+001  0.621133387088776E+000  0.808261692523956E+000  0.904876053333282E+000
  0.100000000000000E+001 -0.198022511803104E+004  0.190641571877692E+002  0.844624520735734E+000  0.217439273710773E+002  0.828395138005043E+002 -0.211353345835358E+001  0.597089469432831E+000  0.810659587383270E+000  0.907642185688019E+000
  0.100000000000000E+001 -0.197891342094358E+004  0.297005189335033E+002  0.663098179487032E+000  0.211508143099047E+002  0.984659537028123E+002 -0.214591135483938E+001  0.676095306873322E+000  0.839056670665741E+000  0.920820832252502E+000
  0.100000000000000E+001 -0.198020932320608E+004  0.255983465763804E+002  0.637100099854241E+000  0.219894625299062E+002  0.805905192571833E+002 -0.207501757096175E+001  0.641671419143677E+000  0.814193785190582E+000  0.905549824237823E+000
  0.100000000000000E+001 -0.198014638775971E+004  0.318895048678333E+002  0.590105880434338E+000  0.212614158247503E+002  0.954952393862238E+002 -0.209532113337879E+001  0.679131627082825E+000  0.837671577930450E+000  0.917789459228516E+000
  0.100000000000000E+001 -0.198009604673230E+004  0.197993878174233E+002  0.722196892831771E+000  0.231151276827001E+002  0.741432228245736E+002 -0.209692352630560E+001  0.624304473400116E+000  0.813621699810028E+000  0.904468119144440E+000
  0.100000000000000E+001 -0.198006822849602E+004  0.285287807721065E+002  0.686204285098878E+000  0.202799803617396E+002  0.930438802628837E+002 -0.215679522989823E+001  0.655495584011078E+000  0.823488533496857E+000  0.912092328071594E+000
  0.100000000000000E+001 -0.198004136769879E+004  0.290626081131786E+002  0.614298442169624E+000  0.221570737233956E+002  0.941536997962801E+002 -0.209239423121062E+001  0.686145961284637E+000  0.842156469821930E+000  0.920724451541901E+000
  0.100000000000000E+001 -0.198002738088337E+004  0.227003282551275E+002  0.746688504538048E+000  0.217281182681125E+002  0.838837228587867E+002 -0.207372365961348E+001  0.623404741287231E+000  0.814316272735596E+000  0.908917784690857E+000
  0.100000000000000E+001 -0.197352798321234E+004  0.259767105049186E+002  0.599373657033264E+000  0.216291722783983E+002  0.784588848595763E+002 -0.207270960326423E+001  0.648587524890900E+000  0.815975606441498E+000  0.904943048954010E+000
  0.100000000000000E+001 -0.198002705064115E+004  0.166151710261133E+002  0.902265628395217E+000  0.215809949593151E+002  0.861306921987745E+002 -0.214830295937394E+001  0.616841912269592E+000  0.823803484439850E+000  0.914892137050629E+000
  0.100000000000000E+001 -0.197997969469768E+004  0.185302828153298E+002  0.873866357251318E+000  0.209699645764045E+002  0.867137261980414E+002 -0.208808205160254E+001  0.615025699138641E+000  0.819778501987457E+000  0.912896573543549E+000
  0.100000000000000E+001 -0.197996063016567E+004  0.194824774604489E+002  0.910619327998507E+000  0.186900289990294E+002  0.911323845127724E+002 -0.211031215326923E+001  0.621183812618256E+000  0.819840133190155E+000  0.913940489292145E+000
  0.100000000000000E+001 -0.197995820481080E+004  0.189159787578667E+002  0.829400339822406E+000  0.211694994038700E+002  0.839417856363711E+002 -0.216396366205970E+001  0.625999867916107E+000  0.821690857410431E+000  0.912220537662506E+000
  0.100000000000000E+001 -0.197994062508288E+004  0.131945706595409E+002  0.981212498492435E+000  0.208536077336715E+002  0.847301191201352E+002 -0.213124424860884E+001  0.651473224163055E+000  0.830078899860382E+000  0.919162034988403E+000
  0.100000000000000E+001 -0.197988891058355E+004  0.210656951299199E+002  0.791695302089636E+000  0.226731321591033E+002  0.895834430931312E+002 -0.209427628247529E+001  0.638779819011688E+000  0.831357717514038E+000  0.918936312198639E+000
  0.100000000000000E+001 -0.197984380323139E+004  0.221076699008963E+002  0.815039827476328E+000  0.197672515789720E+002  0.944463095564521E+002 -0.213352207234963E+001  0.660647988319397E+000  0.835829913616180E+000  0.921677410602570E+000
  0.100000000000000E+001 -0.197984263897238E+004  0.284686311129392E+002  0.640956627461092E+000  0.219475224896403E+002  0.884562000534723E+002 -0.211891371324973E+001  0.648111522197723E+000  0.819226205348969E+000  0.908966958522797E+000
  0.100000000000000E+001 -0.197980879937782E+004  0.189091781586820E+002  0.822603559193372E+000  0.228665248375304E+002  0.891417881587274E+002 -0.215087491001855E+001  0.650437235832214E+000  0.837004125118256E+000  0.921852529048920E+000
  0.100000000000000E+001 -0.197975679240805E+004  0.260060435815414E+002  0.701865325506107E+000  0.224303180905604E+002  0.925284101028763E+002 -0.211213876732776E+001  0.656246483325958E+000  0.828755080699921E+000  0.917791247367859E+000
  0.100000000000000E+001 -0.197973103748506E+004  0.302137690089925E+002  0.653233654767031E+000  0.203275848616983E+002  0.927744346765002E+002 -0.210374000452257E+001  0.655332028865814E+000  0.821839511394501E+000  0.910196721553802E+000
  0.100000000000000E+001 -0.197956636623337E+004  0.301337663812176E+002  0.695419308194150E+000  0.189100583179990E+002  0.955122960043013E+002 -0.210298588572726E+001  0.659498512744904E+000  0.823964893817902E+000  0.911212444305420E+000
  0.100000000000000E+001 -0.197942390106103E+004  0.236117511685239E+002  0.825894576795674E+000  0.180957994666017E+002  0.914743031571580E+002 -0.214018550687567E+001  0.638777792453766E+000  0.817336976528168E+000  0.910718262195587E+000
  0.100000000000000E+001 -0.197935836213362E+004  0.290359338988934E+002  0.652500829628600E+000  0.193253424174340E+002  0.907164419192918E+002 -0.213960617468174E+001  0.670215845108032E+000  0.824575364589691E+000  0.910318911075592E+000
  0.100000000000000E+001 -0.197931542698986E+004  0.211009697989253E+002  0.723814641976383E+000  0.222532955067711E+002  0.717500452125640E+002 -0.209712411562724E+001  0.587971746921539E+000  0.792557179927826E+000  0.895659625530243E+000
  0.100000000000000E+001 -0.197271940618806E+004  0.169201760277411E+002  0.891877708420729E+000  0.228477115464647E+002  0.886034315881082E+002 -0.209569391129773E+001  0.624528050422668E+000  0.830358088016510E+000  0.919155776500702E+000
  0.100000000000000E+001 -0.197929963352800E+004  0.221691749314291E+002  0.771516780321757E+000  0.220690582196498E+002  0.855722349617087E+002 -0.215278943609377E+001  0.617695987224579E+000  0.816113054752350E+000  0.910582423210144E+000
  0.100000000000000E+001 -0.197929276495207E+004  0.251520227034632E+002  0.662124862801037E+000  0.233060511710473E+002  0.884166276608091E+002 -0.214599212762289E+001  0.666856229305267E+000  0.834814846515656E+000  0.917949199676514E+000
  0.100000000000000E+001 -0.197921010767726E+004  0.185786016875471E+002  0.899277371088090E+000  0.201938180767812E+002  0.941127123196096E+002 -0.213716728442399E+001  0.645011425018311E+000  0.834854722023010E+000  0.922843635082245E+000
  0.100000000000000E+001 -0.197238462621011E+004  0.223829143898998E+002  0.802579631624879E+000  0.199769309799025E+002  0.802170483954373E+002 -0.212452765599728E+001  0.583747446537018E+000  0.788075864315033E+000  0.896954417228699E+000
  0.100000000000000E+001 -0.197904535770225E+004  0.250518269373462E+002  0.619626470556048E+000  0.238922374711680E+002  0.811956515718194E+002 -0.209499385206326E+001  0.650258839130402E+000  0.825810074806213E+000  0.910192728042603E+000
  0.100000000000000E+001 -0.197838785511189E+004  0.121402576073431E+002  0.103176686660036E+001  0.195603019599690E+002  0.883475525180469E+002 -0.212151549047842E+001  0.669591724872589E+000  0.836305975914001E+000  0.924966514110565E+000
  0.100000000000000E+001 -0.197828093709187E+004  0.299903023100811E+002  0.625285791439174E+000  0.191130626922370E+002  0.867203370504053E+002 -0.208622739379010E+001  0.655959308147430E+000  0.813720881938934E+000  0.903306841850281E+000
  0.100000000000000E+001 -0.197826889930377E+004  0.231222075163644E+002  0.792869839733646E+000  0.192351510828794E+002  0.827795432791116E+002 -0.212554132745692E+001  0.605900347232819E+000  0.795947134494781E+000  0.900308072566986E+000
  0.100000000000000E+001 -0.197819409991294E+004  0.269286012315710E+002  0.615382576822677E+000  0.223341682801032E+002  0.883791370837601E+002 -0.208284144736699E+001  0.678309619426727E+000  0.835936963558197E+000  0.917330443859100E+000
  0.100000000000000E+001 -0.197844783632649E+004  0.289922872903990E+002  0.688661049402305E+000  0.201568112044529E+002  0.925185935940312E+002 -0.210292292598755E+001  0.646602213382721E+000  0.818721711635590E+000  0.909210741519928E+000
  0.100000000000000E+001 -0.197844870335532E+004  0.354407869390036E+002  0.590974414018871E+000  0.179014500384358E+002  0.951839070573333E+002 -0.211065662671760E+001  0.681053459644318E+000  0.824913084506989E+000  0.910148680210114E+000
  0.100000000000000E+001 -0.197797227062537E+004  0.149310888098826E+002  0.905756753014232E+000  0.213283847469045E+002  0.740917260715096E+002 -0.213459949367149E+001  0.614286005496979E+000  0.807306647300720E+000  0.902409851551056E+000
  0.100000000000000E+001 -0.197795570063727E+004  0.204501764721689E+002  0.763475001635200E+000  0.233138341916487E+002  0.778913456265382E+002 -0.212940034582355E+001  0.601534307003021E+000  0.806149244308472E+000  0.903742253780365E+000
  0.100000000000000E+001 -0.197507081285599E+004  0.281500989413404E+002  0.751792263656972E+000  0.177032974895258E+002  0.976565991196244E+002 -0.207655093480991E+001  0.671856939792633E+000  0.833262920379639E+000  0.915048420429230E+000
  0.100000000000000E+001 -0.197847281561465E+004  0.207801473532287E+002  0.839014734445251E+000  0.204496903654349E+002  0.874671989374847E+002 -0.215873087558909E+001  0.613891065120697E+000  0.815267860889435E+000  0.910808742046356E+000
  0.100000000000000E+001 -0.197779302396973E+004  0.279467684695702E+002  0.716165099144130E+000  0.184365969222852E+002  0.949990846370964E+002 -0.214550370221383E+001  0.674821197986603E+000  0.831465959548950E+000  0.914691746234894E+000
  0.100000000000000E+001 -0.197854255936449E+004  0.390766876839908E+002  0.504200259200612E+000  0.186035548181292E+002  0.957585943492869E+002 -0.210838899083393E+001  0.686479210853577E+000  0.827197670936584E+000  0.911008000373840E+000
  0.100000000000000E+001 -0.197517502520344E+004  0.293442287661705E+002  0.532589696654465E+000  0.241411356962764E+002  0.856588900563210E+002 -0.208498729692980E+001  0.675708591938019E+000  0.834476053714752E+000  0.911782443523407E+000
  0.100000000000000E+001 -0.197760150178255E+004  0.217617697350241E+002  0.833505322553108E+000  0.196015042959605E+002  0.951796925369722E+002 -0.208920312845028E+001  0.657902240753174E+000  0.835362434387207E+000  0.921942770481110E+000
  0.100000000000000E+001 -0.197734259553327E+004  0.188541542284037E+002  0.919640719369033E+000  0.191767417692187E+002  0.927316047808352E+002 -0.215015760138654E+001  0.627860009670258E+000  0.824757635593414E+000  0.917586147785187E+000
  0.100000000000000E+001 -0.197728519150031E+004  0.288362350014586E+002  0.633452343250254E+000  0.198571000471655E+002  0.880089083924221E+002 -0.207078416843468E+001  0.662332415580750E+000  0.821291327476501E+000  0.908284962177277E+000
  0.100000000000000E+001 -0.197720401103832E+004  0.140312030812251E+002  0.102687298225741E+001  0.184131492674550E+002  0.876869002426346E+002 -0.209314600882287E+001  0.636324703693390E+000  0.819214701652527E+000  0.914425849914551E+000
  0.100000000000000E+001 -0.197720034285025E+004  0.195691090679757E+002  0.829588032818803E+000  0.209741173605105E+002  0.808111139429251E+002 -0.206841350181275E+001  0.597298741340637E+000  0.805465281009674E+000  0.904376566410065E+000
  0.100000000000000E+001 -0.197692293024224E+004  0.384766289325433E+002  0.504053969948981E+000  0.184153446690622E+002  0.986524070613088E+002 -0.211760022740928E+001  0.707262158393860E+000  0.840394675731659E+000  0.918106973171234E+000
  0.100000000000000E+001 -0.197672689465216E+004  0.207680852985601E+002  0.778417672498264E+000  0.232520651925726E+002  0.941951691566737E+002 -0.211622922596865E+001  0.678855717182159E+000  0.850472092628479E+000  0.929712831974030E+000
  0.100000000000000E+001 -0.197886980985607E+004  0.304963000676933E+002  0.588482157177813E+000  0.228564628345443E+002  0.934172352622041E+002 -0.213178891325339E+001  0.676666915416718E+000  0.838707566261292E+000  0.917675673961639E+000
  0.100000000000000E+001 -0.197666480691520E+004  0.195805047258305E+002  0.767407983006938E+000  0.213502421155250E+002  0.816909870418282E+002 -0.212036569383809E+001  0.647739589214325E+000  0.827394425868988E+000  0.913700282573700E+000
  0.100000000000000E+001 -0.197661793161421E+004  0.260026486062224E+002  0.759445797986224E+000  0.182367135082820E+002  0.902948291504511E+002 -0.215520791642174E+001  0.647229909896851E+000  0.817193925380707E+000  0.908101618289948E+000
  0.100000000000000E+001 -0.197653472106678E+004  0.262844544297810E+002  0.601800063620493E+000  0.231098513057382E+002  0.842602224941076E+002 -0.214124376272848E+001  0.667175531387329E+000  0.831373631954193E+000  0.913627207279205E+000
  0.100000000000000E+001 -0.197645864869408E+004  0.206499880981711E+002  0.835396394778278E+000  0.191838759059161E+002  0.910573563989799E+002 -0.208304073126302E+001  0.653876423835754E+000  0.832413017749786E+000  0.918546259403229E+000
  0.100000000000000E+001 -0.197614838678978E+004  0.173783225346972E+002  0.826249721347559E+000  0.218968401020506E+002  0.702598088581247E+002 -0.212156364869583E+001  0.581700563430786E+000  0.788144886493683E+000  0.894643962383270E+000
  0.100000000000000E+001 -0.197596000212801E+004  0.242513714295068E+002  0.684551039010609E+000  0.204586788599184E+002  0.811702977322818E+002 -0.206943900011209E+001  0.643277525901794E+000  0.813835084438324E+000  0.906193912029266E+000
  0.100000000000000E+001 -0.197546671508890E+004  0.338846887386384E+002  0.556343461076009E+000  0.186890889752583E+002  0.868262496820510E+002 -0.212893170397329E+001  0.659380793571472E+000  0.810220062732697E+000  0.901890516281128E+000
  0.100000000000000E+001 -0.197547438890892E+004  0.267942222432625E+002  0.763445133892037E+000  0.176045486914176E+002  0.966505067083265E+002 -0.209232680341310E+001  0.676319181919098E+000  0.835263788700104E+000  0.916641235351562E+000
  0.100000000000000E+001 -0.197565330144479E+004  0.323979153336683E+002  0.613167244167881E+000  0.186540750036531E+002  0.870741887674484E+002 -0.208972363899616E+001  0.646412372589111E+000  0.805064260959625E+000  0.899727880954742E+000
  0.100000000000000E+001 -0.198145873265328E+004  0.188844678460279E+002  0.831827395990481E+000  0.223527531599327E+002  0.863818582338085E+002 -0.215146608260670E+001  0.628599405288696E+000  0.827154278755188E+000  0.916023910045624E+000
  0.100000000000000E+001 -0.198148928284582E+004  0.187131452078778E+002  0.845433957551888E+000  0.215712097599892E+002  0.809469448010231E+002 -0.212716456006430E+001  0.593818724155426E+000  0.807242453098297E+000  0.905480682849884E+000
  0.100000000000000E+001 -0.198151860663764E+004  0.201893837599271E+002  0.810294715694812E+000  0.222143075454557E+002  0.925165128039016E+002 -0.213137813789073E+001  0.660147070884705E+000  0.841940224170685E+000  0.925014555454254E+000
  0.100000000000000E+001 -0.198155783320869E+004  0.342046821856697E+002  0.559876061200308E+000  0.201278035684044E+002  0.968189669173627E+002 -0.211914521356201E+001  0.687767982482910E+000  0.838187992572784E+000  0.918438851833344E+000
  0.100000000000000E+001 -0.198162743587373E+004  0.310311881799373E+002  0.567882758418097E+000  0.208080276631071E+002  0.854152658701142E+002 -0.211537567497997E+001  0.652283370494843E+000  0.815525114536285E+000  0.904185771942139E+000
  0.100000000000000E+001 -0.198164574345744E+004  0.167122985750283E+002  0.875309190835984E+000  0.223956897818531E+002  0.845541315224224E+002 -0.210871732623271E+001  0.621187269687653E+000  0.825522959232330E+000  0.914962470531464E+000
  0.100000000000000E+001 -0.198164695304590E+004  0.306181098062689E+002  0.575306735368077E+000  0.222496733367511E+002  0.900454248252168E+002 -0.211160278969381E+001  0.667548000812531E+000  0.831109404563904E+000  0.912750184535980E+000
  0.100000000000000E+001 -0.198167261430716E+004  0.222988859367934E+002  0.703312994156802E+000  0.234968491399003E+002  0.842714249822366E+002 -0.212155050345261E+001  0.652637898921967E+000  0.831612050533295E+000  0.915779173374176E+000
  0.100000000000000E+001 -0.198167677486198E+004  0.245488377421127E+002  0.717442506009445E+000  0.201524954498560E+002  0.815957552095037E+002 -0.209238375165546E+001  0.624266088008881E+000  0.802303493022919E+000  0.902036964893341E+000
  0.100000000000000E+001 -0.198171011020734E+004  0.344007476712825E+002  0.516829317722562E+000  0.204172676506369E+002  0.900911580376804E+002 -0.211419416388327E+001  0.672066509723663E+000  0.826087176799774E+000  0.908680379390717E+000
  0.100000000000000E+001 -0.198171839481665E+004  0.159963865832628E+002  0.930614456687873E+000  0.200466390474604E+002  0.867010551548108E+002 -0.214340403028655E+001  0.629108965396881E+000  0.823010742664337E+000  0.915016710758209E+000
  0.100000000000000E+001 -0.198173225938952E+004  0.288825335730171E+002  0.590292546698587E+000  0.220264586897658E+002  0.901645017726349E+002 -0.211197557265761E+001  0.681253254413605E+000  0.837537407875061E+000  0.916893780231476E+000
  0.100000000000000E+001 -0.198179759973811E+004  0.263832583044314E+002  0.695289756975112E+000  0.216670142909508E+002  0.915255209235270E+002 -0.209737888843670E+001  0.654899656772614E+000  0.826143801212311E+000  0.915592610836029E+000
  0.100000000000000E+001 -0.198182807031856E+004  0.198693040618820E+002  0.834421053757371E+000  0.195958202921456E+002  0.855636504736156E+002 -0.212039013928395E+001  0.631844103336334E+000  0.820083558559418E+000  0.911495387554169E+000
  0.100000000000000E+001 -0.198184609754174E+004  0.215760371709879E+002  0.793619630662614E+000  0.218086625745326E+002  0.937261268334884E+002 -0.213353555746544E+001  0.657656967639923E+000  0.840637505054474E+000  0.924457967281342E+000
  0.100000000000000E+001 -0.198186183485592E+004  0.265903347188096E+002  0.628425724507451E+000  0.210875944668899E+002  0.824092796073518E+002 -0.210774281460633E+001  0.650486290454865E+000  0.815890252590179E+000  0.906538486480713E+000
  0.100000000000000E+001 -0.198192976004349E+004  0.156786983859641E+002  0.940129941604072E+000  0.206240684371477E+002  0.854209213600955E+002 -0.212703825208094E+001  0.619098842144012E+000  0.817737758159637E+000  0.912405431270599E+000
  0.100000000000000E+001 -0.198199459045241E+004  0.226620465577208E+002  0.728584920210370E+000  0.229394758558312E+002  0.889965676692244E+002 -0.210211275514772E+001  0.657919645309448E+000  0.835786402225494E+000  0.920090556144714E+000
  0.100000000000000E+001 -0.198207624277943E+004  0.296285221561454E+002  0.680317918755164E+000  0.193106002593406E+002  0.972648596467117E+002 -0.213880342743653E+001  0.679436624050140E+000  0.835336148738861E+000  0.917113542556763E+000
  0.100000000000000E+001 -0.198207786082378E+004  0.276079428399747E+002  0.658977987950100E+000  0.210718822348023E+002  0.938572677665643E+002 -0.211081015508995E+001  0.680520236492157E+000  0.837763845920563E+000  0.919934451580048E+000
  0.100000000000000E+001 -0.198209594991460E+004  0.153616986831225E+002  0.928914878112849E+000  0.204401075532510E+002  0.853985341873462E+002 -0.209561003806294E+001  0.637616217136383E+000  0.826803505420685E+000  0.915495097637177E+000
  0.100000000000000E+001 -0.198221106068079E+004  0.193051077698416E+002  0.862344004704796E+000  0.200856983546779E+002  0.914553305470604E+002 -0.211153332732226E+001  0.647395610809326E+000  0.833734333515167E+000  0.920243859291077E+000
  0.100000000000000E+001 -0.198221854745083E+004  0.201432261126528E+002  0.735078507741884E+000  0.228489240974468E+002  0.740361846274292E+002 -0.210463668447482E+001  0.609572827816010E+000  0.805737555027008E+000  0.901588857173920E+000
  0.100000000000000E+001 -0.198225383973686E+004  0.239835482626797E+002  0.769183119992687E+000  0.210061710516369E+002  0.942598480062359E+002 -0.210789681368708E+001  0.653184711933136E+000  0.832054316997528E+000  0.920138537883759E+000
  0.100000000000000E+001 -0.198228615688657E+004  0.187464897820032E+002  0.842783060893126E+000  0.222245569350636E+002  0.894009250029987E+002 -0.214287216296430E+001  0.640863597393036E+000  0.834443986415863E+000  0.920496523380280E+000
  0.100000000000000E+001 -0.198230968995048E+004  0.222300565235969E+002  0.780293330911324E+000  0.212354064501618E+002  0.855935956765993E+002 -0.209528260258776E+001  0.617329537868500E+000  0.814267158508301E+000  0.909531593322754E+000
  0.100000000000000E+001 -0.198231224243902E+004  0.296772611431080E+002  0.640281479995917E+000  0.194930707015999E+002  0.888543711224663E+002 -0.212972146878899E+001  0.658299267292023E+000  0.817604482173920E+000  0.906224668025970E+000
  0.100000000000000E+001 -0.198236938816107E+004  0.184765296073695E+002  0.879557856130297E+000  0.204172263669957E+002  0.902080084897036E+002 -0.210167540424106E+001  0.638239502906799E+000  0.830436766147614E+000  0.918700695037842E+000
  0.100000000000000E+001 -0.198237871070293E+004  0.205154576188381E+002  0.794266768007670E+000  0.217289826894675E+002  0.907107286727432E+002 -0.212475402234830E+001  0.659240484237671E+000  0.839408814907074E+000  0.922838330268860E+000
  0.100000000000000E+001 -0.198241332166151E+004  0.230360599921008E+002  0.740842445138864E+000  0.224540149678862E+002  0.919158936372284E+002 -0.213627095629088E+001  0.663326919078827E+000  0.838266015052795E+000  0.922519028186798E+000
  0.100000000000000E+001 -0.198241494665022E+004  0.311983970169650E+002  0.596143105154473E+000  0.210781693061329E+002  0.962332852999635E+002 -0.211970638864706E+001  0.688715755939484E+000  0.842444956302643E+000  0.920167148113251E+000
  0.100000000000000E+001 -0.198245375211791E+004  0.235217963380751E+002  0.742079168956076E+000  0.203982912345370E+002  0.810277608345032E+002 -0.211821130380020E+001  0.613354206085205E+000  0.800861895084381E+000  0.901702463626862E+000
  0.100000000000000E+001 -0.198246914842084E+004  0.229792113838610E+002  0.706527980478673E+000  0.228554351680023E+002  0.861027205979009E+002 -0.209615441802251E+001  0.654050588607788E+000  0.831304907798767E+000  0.916422307491302E+000
  0.100000000000000E+001 -0.198248944425923E+004  0.312266913167757E+002  0.578549107981951E+000  0.217871213836963E+002  0.937606142913057E+002 -0.211094604371125E+001  0.681301832199097E+000  0.838884830474854E+000  0.917297899723053E+000
  0.100000000000000E+001 -0.198249704130925E+004  0.218312178691144E+002  0.735212248146199E+000  0.221544281552182E+002  0.850215867434219E+002 -0.208563878260856E+001  0.647200345993042E+000  0.828515529632568E+000  0.915368139743805E+000
  0.100000000000000E+001 -0.198250809222035E+004  0.297916973170052E+002  0.611954397562316E+000  0.207310213210808E+002  0.882853229860311E+002 -0.209507453282760E+001  0.656461000442505E+000  0.820569515228271E+000  0.908039748668671E+000
  0.100000000000000E+001 -0.198255642318936E+004  0.152717123109016E+002  0.912572362701784E+000  0.202942088651049E+002  0.803474861057970E+002 -0.210041147401662E+001  0.634896278381348E+000  0.819032251834869E+000  0.909710109233856E+000
  0.100000000000000E+001 -0.198257168027080E+004  0.195140023322703E+002  0.805694985699160E+000  0.223122540805549E+002  0.889353119777364E+002 -0.213368887907796E+001  0.654974400997162E+000  0.837463319301605E+000  0.921644032001495E+000
  0.100000000000000E+001 -0.198258219969104E+004  0.198541668673836E+002  0.812586123086349E+000  0.223157275165916E+002  0.885682040037073E+002 -0.209655324315204E+001  0.640166580677032E+000  0.832081019878387E+000  0.918904304504395E+000
  0.100000000000000E+001 -0.198258950278527E+004  0.242718957993868E+002  0.708940767047607E+000  0.207650173101095E+002  0.856871224720331E+002 -0.208435485969448E+001  0.647985517978668E+000  0.820716321468353E+000  0.911282241344452E+000
  0.100000000000000E+001 -0.198261217937736E+004  0.279198730158598E+002  0.701264326530676E+000  0.205490562207130E+002  0.966218957545925E+002 -0.213022338443387E+001  0.668387770652771E+000  0.833948254585266E+000  0.918932855129242E+000
  0.100000000000000E+001 -0.198267198950828E+004  0.253211564521841E+002  0.730496000184694E+000  0.193531561311205E+002  0.861711158435058E+002 -0.212157062872119E+001  0.639959096908569E+000  0.810095965862274E+000  0.906172931194305E+000
  0.100000000000000E+001 -0.198268709843071E+004  0.276425322608654E+002  0.715996217399936E+000  0.197902083191236E+002  0.951524089476915E+002 -0.213302192827705E+001  0.663334727287292E+000  0.828774631023407E+000  0.915689766407013E+000
  0.100000000000000E+001 -0.198270434048809E+004  0.248561021998873E+002  0.742707607614064E+000  0.214203809046220E+002  0.931851972094582E+002 -0.213986817079564E+001  0.650277018547058E+000  0.828764379024506E+000  0.918324708938599E+000
  0.100000000000000E+001 -0.198273724928990E+004  0.203606252025816E+002  0.753610559640537E+000  0.227245112989487E+002  0.815511851817479E+002 -0.208880931085497E+001  0.636568844318390E+000  0.823272466659546E+000  0.911999881267548E+000
  0.100000000000000E+001 -0.198275388651685E+004  0.157399131938583E+002  0.907209556491612E+000  0.206363943695196E+002  0.807282798229787E+002 -0.213988094780123E+001  0.623341858386993E+000  0.815555751323700E+000  0.908440411090851E+000
  0.100000000000000E+001 -0.198279009790825E+004  0.152831484198634E+002  0.904998459322129E+000  0.209252650872030E+002  0.776244574487272E+002 -0.210184622071257E+001  0.622790873050690E+000  0.811889231204987E+000  0.906257748603821E+000
  0.100000000000000E+001 -0.198279019511469E+004  0.192174701963744E+002  0.873204232854728E+000  0.194608756164512E+002  0.883167951690350E+002 -0.210858851512864E+001  0.630071103572845E+000  0.822090566158295E+000  0.913927555084229E+000
  0.100000000000000E+001 -0.198289191891290E+004  0.241033020272894E+002  0.680306853645818E+000  0.223471220733623E+002  0.795919997628918E+002 -0.210194705901144E+001  0.626349687576294E+000  0.808806478977203E+000  0.903874158859253E+000
  0.100000000000000E+001 -0.198292263152393E+004  0.238652699334672E+002  0.763978834008346E+000  0.200172085046392E+002  0.897249889985009E+002 -0.209623914202995E+001  0.645885944366455E+000  0.821551263332367E+000  0.913433969020844E+000
  0.100000000000000E+001 -0.198294829356477E+004  0.303682453002381E+002  0.585802409841323E+000  0.208654804758632E+002  0.894413293965610E+002 -0.212648518593808E+001  0.669699013233185E+000  0.828337132930756E+000  0.911421597003937E+000
  0.100000000000000E+001 -0.198295667507695E+004  0.223007835835353E+002  0.700045547905119E+000  0.221027197097987E+002  0.769397413901570E+002 -0.211202096518603E+001  0.622269570827484E+000  0.809150278568268E+000  0.903289437294006E+000
  0.100000000000000E+001 -0.198297473739923E+004  0.280783003043200E+002  0.629460304976088E+000  0.214505990941512E+002  0.909490464520510E+002 -0.210515854272029E+001  0.675124704837799E+000  0.833904802799225E+000  0.916371643543243E+000
  0.100000000000000E+001 -0.198298151271224E+004  0.301130514189773E+002  0.607045896298925E+000  0.203030288735225E+002  0.899613269944462E+002 -0.210656846277719E+001  0.667604744434357E+000  0.826426029205322E+000  0.910725176334381E+000
  0.100000000000000E+001 -0.198299557372608E+004  0.260449452535352E+002  0.698557668019505E+000  0.201506280078992E+002  0.835299826182992E+002 -0.211421510434323E+001  0.629021704196930E+000  0.804089725017548E+000  0.902394056320190E+000
  0.100000000000000E+001 -0.198300671650404E+004  0.315860898126271E+002  0.565133194502455E+000  0.216647535288414E+002  0.923766605769580E+002 -0.212624969414749E+001  0.677997171878815E+000  0.836083948612213E+000  0.915454387664795E+000
  0.100000000000000E+001 -0.198306049080516E+004  0.309727090630348E+002  0.594220725841768E+000  0.207728744860169E+002  0.909774951786900E+002 -0.213935995189452E+001  0.666889727115631E+000  0.827485382556915E+000  0.911479115486145E+000
  0.100000000000000E+001 -0.198308817420699E+004  0.185923726386269E+002  0.868369156070835E+000  0.205828666822936E+002  0.838038995156705E+002 -0.209997592995651E+001  0.606185376644135E+000  0.812070608139038E+000  0.908324122428894E+000
  0.100000000000000E+001 -0.198310197446376E+004  0.208461954662979E+002  0.763124734093392E+000  0.229682643090442E+002  0.847031509064554E+002 -0.213872060460301E+001  0.636792898178101E+000  0.826214373111725E+000  0.914588153362274E+000
  0.100000000000000E+001 -0.198310366025293E+004  0.295101046969050E+002  0.608878788046980E+000  0.203849728232503E+002  0.866061244850214E+002 -0.211591591914431E+001  0.654906392097473E+000  0.818118810653687E+000  0.906323492527008E+000
  0.100000000000000E+001 -0.198310436686016E+004  0.260217809414477E+002  0.651030424232798E+000  0.220780934269164E+002  0.828455547989714E+002 -0.209356059629555E+001  0.640124499797821E+000  0.813255369663239E+000  0.906406819820404E+000
  0.100000000000000E+001 -0.198313637654521E+004  0.188105410764205E+002  0.812330363928769E+000  0.217012482191770E+002  0.779538984486073E+002 -0.214067465101029E+001  0.602493107318878E+000  0.806690752506256E+000  0.904025614261627E+000
  0.100000000000000E+001 -0.198317300477132E+004  0.267410717424634E+002  0.609575349355248E+000  0.225318363145532E+002  0.824330440745989E+002 -0.211326495477540E+001  0.650434970855713E+000  0.819450795650482E+000  0.907903134822845E+000
  0.100000000000000E+001 -0.198319264531873E+004  0.266482024528336E+002  0.635577736064328E+000  0.219707647336948E+002  0.846937609067039E+002 -0.213970301245090E+001  0.651955008506775E+000  0.820139646530151E+000  0.909364283084869E+000
  0.100000000000000E+001 -0.198320845882864E+004  0.199885134688315E+002  0.840682580978627E+000  0.209776561357529E+002  0.913995116876223E+002 -0.213521582601651E+001  0.641692101955414E+000  0.833620965480804E+000  0.920225024223328E+000
  0.100000000000000E+001 -0.198321732362588E+004  0.235237013412293E+002  0.743669268714020E+000  0.205266807531154E+002  0.849987797319162E+002 -0.208470363052434E+001  0.632975876331329E+000  0.814037382602692E+000  0.908647239208221E+000
  0.100000000000000E+001 -0.198323370768473E+004  0.242993940491596E+002  0.730646338320293E+000  0.198771871451882E+002  0.848815480796671E+002 -0.211276924532903E+001  0.639624059200287E+000  0.812205016613007E+000  0.907369792461395E+000
  0.100000000000000E+001 -0.198324271619202E+004  0.179381156134491E+002  0.901981343638442E+000  0.198462053799423E+002  0.864619761798865E+002 -0.212628629300137E+001  0.615242540836334E+000  0.815863728523254E+000  0.911373913288116E+000
  0.100000000000000E+001 -0.198327491116106E+004  0.225098520162447E+002  0.706338238674298E+000  0.224739571469569E+002  0.811536342002787E+002 -0.213518294574171E+001  0.636120617389679E+000  0.819428741931915E+000  0.909297525882721E+000
  0.100000000000000E+001 -0.198329326581968E+004  0.284556584093898E+002  0.681279283319298E+000  0.202809312349943E+002  0.925676897987490E+002 -0.211141740825296E+001  0.657326400279999E+000  0.823793411254883E+000  0.912075936794281E+000
  0.100000000000000E+001 -0.198337199391723E+004  0.241977534382840E+002  0.750691348208030E+000  0.214713018388678E+002  0.921098963230473E+002 -0.213868059636160E+001  0.646733939647675E+000  0.828193843364716E+000  0.917731404304504E+000
  0.100000000000000E+001 -0.198337652437971E+004  0.191641808414357E+002  0.837917339182697E+000  0.205980827898949E+002  0.877637089641439E+002 -0.209810529023120E+001  0.642782986164093E+000  0.830327689647675E+000  0.917183816432953E+000
  0.100000000000000E+001 -0.198345476367606E+004  0.229928074268271E+002  0.700031386251295E+000  0.221749074427124E+002  0.822211562416715E+002 -0.213399734356078E+001  0.641852617263794E+000  0.821105420589447E+000  0.910319268703461E+000
  0.100000000000000E+001 -0.198345647472697E+004  0.216881035272910E+002  0.724642544792399E+000  0.222441036119414E+002  0.788725042694584E+002 -0.213027648817343E+001  0.624261915683746E+000  0.812751710414886E+000  0.906012237071991E+000
  0.100000000000000E+001 -0.198345693638429E+004  0.182352849515140E+002  0.867948390727649E+000  0.200287399601261E+002  0.806491422784025E+002 -0.210811761167376E+001  0.604094564914703E+000  0.805628597736359E+000  0.904208362102509E+000
  0.100000000000000E+001 -0.198352305768279E+004  0.184463790553625E+002  0.882576917391598E+000  0.198905699463117E+002  0.884050808783323E+002 -0.212093930216412E+001  0.632423222064972E+000  0.824737966060638E+000  0.915383756160736E+000
  0.100000000000000E+001 -0.198354005011656E+004  0.193143233729221E+002  0.822921793328292E+000  0.211581315336669E+002  0.884528485425385E+002 -0.211162374377793E+001  0.649532139301300E+000  0.834574997425079E+000  0.919627010822296E+000
  0.100000000000000E+001 -0.198354450015711E+004  0.178728929220711E+002  0.881881093635550E+000  0.197209784272447E+002  0.850145075380282E+002 -0.210961180457946E+001  0.626177430152893E+000  0.819452106952667E+000  0.911549270153046E+000
  0.100000000000000E+001 -0.198354982973024E+004  0.243399470405254E+002  0.719714418798894E+000  0.213289896129356E+002  0.833993173711922E+002 -0.210461239796267E+001  0.622299611568451E+000  0.807705760002136E+000  0.905460953712463E+000
  0.100000000000000E+001 -0.198355599198798E+004  0.236245032614324E+002  0.677665890684413E+000  0.221361644902777E+002  0.811881906021311E+002 -0.211916434523135E+001  0.642951428890228E+000  0.819742500782013E+000  0.908859312534332E+000
  0.100000000000000E+001 -0.198358151277225E+004  0.153572749614895E+002  0.918977547897055E+000  0.211907031192793E+002  0.825208612255279E+002 -0.211752820871140E+001  0.625500738620758E+000  0.821185410022736E+000  0.911919534206390E+000
  0.100000000000000E+001 -0.198365825390386E+004  0.198966301064790E+002  0.807576466638278E+000  0.212806030857846E+002  0.838426577819905E+002 -0.208377738089818E+001  0.623356640338898E+000  0.819783389568329E+000  0.911304950714111E+000
  0.100000000000000E+001 -0.198367373793759E+004  0.211797599955954E+002  0.752582730177221E+000  0.230748880703489E+002  0.851882264999111E+002 -0.212744063315786E+001  0.641756772994995E+000  0.828297197818756E+000  0.915559828281403E+000
  0.100000000000000E+001 -0.198368701746197E+004  0.294965638685680E+002  0.661847675485411E+000  0.199138572863694E+002  0.932755978602979E+002 -0.211474949121384E+001  0.665575861930847E+000  0.826178848743439E+000  0.912258625030518E+000
  0.100000000000000E+001 -0.198370811993203E+004  0.284738526775506E+002  0.678944183722685E+000  0.199626671221088E+002  0.927219558257428E+002 -0.213492948500686E+001  0.663135409355164E+000  0.825505852699280E+000  0.912654221057892E+000
  0.100000000000000E+001 -0.198371930872238E+004  0.226588883295398E+002  0.714855327664856E+000  0.230615440279866E+002  0.838956994687527E+002 -0.212404696194692E+001  0.638972103595734E+000  0.824138045310974E+000  0.912537753582001E+000
  0.100000000000000E+001 -0.198372654512579E+004  0.210498043286637E+002  0.804514573576765E+000  0.217741466596846E+002  0.895944845514872E+002 -0.213916240004875E+001  0.632790267467499E+000  0.829088926315308E+000  0.917642951011658E+000
  0.100000000000000E+001 -0.198376693960498E+004  0.204364721139404E+002  0.817358488276531E+000  0.214860685856608E+002  0.871044799994971E+002 -0.213551104729834E+001  0.621497333049774E+000  0.822589576244354E+000  0.913863182067871E+000
  0.100000000000000E+001 -0.198377069784976E+004  0.207936176065266E+002  0.760461277033235E+000  0.212374430647062E+002  0.768530284746296E+002 -0.211376161503675E+001  0.605473995208740E+000  0.803062736988068E+000  0.901576340198517E+000
  0.100000000000000E+001 -0.198384267104475E+004  0.257937103047862E+002  0.699726724859530E+000  0.216957187634570E+002  0.897318980523469E+002 -0.213600457024449E+001  0.649596691131592E+000  0.822718679904938E+000  0.913944184780121E+000
  0.100000000000000E+001 -0.198386441613347E+004  0.208892599539692E+002  0.753363373052201E+000  0.215020205201328E+002  0.777518266682401E+002 -0.212509679406791E+001  0.613269031047821E+000  0.807307779788971E+000  0.903633415699005E+000
  0.100000000000000E+001 -0.198386545503533E+004  0.185866814782684E+002  0.804371783727670E+000  0.229515258670684E+002  0.826512612533021E+002 -0.210949916239091E+001  0.632947981357574E+000  0.825089752674103E+000  0.913804113864899E+000
  0.100000000000000E+001 -0.198397296223621E+004  0.226493030827944E+002  0.733826179146276E+000  0.209377106681815E+002  0.796926296886228E+002 -0.211744339733412E+001  0.616897523403168E+000  0.805836975574493E+000  0.903279781341553E+000
  0.100000000000000E+001 -0.198397922704711E+004  0.246907363698795E+002  0.718564305744924E+000  0.219635485330031E+002  0.923629485418955E+002 -0.213205103520329E+001  0.663144290447235E+000  0.833957612514496E+000  0.920346558094025E+000
  0.100000000000000E+001 -0.198403431256031E+004  0.257004312233340E+002  0.714121821118358E+000  0.199304444609074E+002  0.883682640872116E+002 -0.211076886920447E+001  0.651212513446808E+000  0.818615138530731E+000  0.910578310489655E+000
  0.100000000000000E+001 -0.198407114263458E+004  0.193806886269350E+002  0.823349262250390E+000  0.218487834696104E+002  0.896369179179783E+002 -0.211097129729506E+001  0.649064898490906E+000  0.836391150951385E+000  0.921238124370575E+000
  0.100000000000000E+001 -0.198410712522814E+004  0.315140781551638E+002  0.594921474438544E+000  0.206541058367488E+002  0.933118652952688E+002 -0.212201349197134E+001  0.673310816287994E+000  0.832126438617706E+000  0.914399623870850E+000
  0.100000000000000E+001 -0.198414903927284E+004  0.270243983039041E+002  0.657626181636767E+000  0.215321289020455E+002  0.892321950181114E+002 -0.210127431601311E+001  0.661323606967926E+000  0.826030313968658E+000  0.913685441017151E+000
  0.100000000000000E+001 -0.198414966788451E+004  0.167142916568773E+002  0.882868332893492E+000  0.212639102885488E+002  0.807365888156609E+002 -0.212500484159902E+001  0.607627928256989E+000  0.812298595905304E+000  0.907536029815674E+000
  0.100000000000000E+001 -0.198415393421472E+004  0.193800643724586E+002  0.845679982502600E+000  0.210862708546890E+002  0.890029117560828E+002 -0.213454993909856E+001  0.634137153625488E+000  0.829364955425262E+000  0.917484939098358E+000
  0.100000000000000E+001 -0.198415884318447E+004  0.221127283041490E+002  0.755583451546664E+000  0.225564188235663E+002  0.893153546875805E+002 -0.212034112556423E+001  0.649658441543579E+000  0.833122551441193E+000  0.919316709041595E+000
  0.100000000000000E+001 -0.198416426288847E+004  0.195251499934906E+002  0.810655831893322E+000  0.207986069793949E+002  0.783364679145928E+002 -0.212197531789549E+001  0.601328670978546E+000  0.803775072097778E+000  0.902604579925537E+000
  0.100000000000000E+001 -0.198419327191276E+004  0.253690285765283E+002  0.685970330453548E+000  0.207065556383145E+002  0.851399548154179E+002 -0.209950371896518E+001  0.647623836994171E+000  0.816790461540222E+000  0.909098446369171E+000
  0.100000000000000E+001 -0.198420366719211E+004  0.274686211256250E+002  0.640197474020675E+000  0.218873094223506E+002  0.885472921058482E+002 -0.210831299593217E+001  0.660445213317871E+000  0.826080739498138E+000  0.912836074829102E+000
  0.100000000000000E+001 -0.198420890925535E+004  0.236561376889692E+002  0.728355641212196E+000  0.212726156246803E+002  0.875537770784817E+002 -0.208943100895211E+001  0.647799968719482E+000  0.825087189674377E+000  0.914417743682861E+000
  0.100000000000000E+001 -0.198429350881447E+004  0.249644921037773E+002  0.704728944641243E+000  0.205166788509446E+002  0.855566326230984E+002 -0.209871134476915E+001  0.644820511341095E+000  0.816004872322083E+000  0.909118115901947E+000
  0.100000000000000E+001 -0.198430968372561E+004  0.233200998251848E+002  0.731770163187134E+000  0.208652764928756E+002  0.840991987696979E+002 -0.209203643557556E+001  0.635034382343292E+000  0.816011369228363E+000  0.909088432788849E+000
  0.100000000000000E+001 -0.198433705693996E+004  0.223671917564733E+002  0.764663315189160E+000  0.220085362853525E+002  0.895044142568280E+002 -0.214166781428258E+001  0.643259704113007E+000  0.829726040363312E+000  0.917748034000397E+000
  0.100000000000000E+001 -0.198434605631049E+004  0.257758159353487E+002  0.673599293194263E+000  0.217937933719645E+002  0.874876769426848E+002 -0.209850262357033E+001  0.655414760112762E+000  0.823626816272736E+000  0.913060247898102E+000
  0.100000000000000E+001 -0.198436488750623E+004  0.226732750657025E+002  0.721581828777529E+000  0.222190964737121E+002  0.808398316154169E+002 -0.212473425725937E+001  0.622983455657959E+000  0.811784684658051E+000  0.906385719776154E+000
  0.100000000000000E+001 -0.198437839982187E+004  0.192590494995522E+002  0.797452157802249E+000  0.216450952682240E+002  0.834919427652617E+002 -0.209609691966941E+001  0.638884365558624E+000  0.826370656490326E+000  0.914141833782196E+000
  0.100000000000000E+001 -0.198440419340984E+004  0.222263588203357E+002  0.743561405590745E+000  0.215132150244375E+002  0.861168074196243E+002 -0.209390253294493E+001  0.645765483379364E+000  0.827208220958710E+000  0.915053784847260E+000
  0.100000000000000E+001 -0.198440985372541E+004  0.235111352749652E+002  0.724093724302646E+000  0.217818770692112E+002  0.828141688441855E+002 -0.210782373044099E+001  0.623667299747467E+000  0.810756444931030E+000  0.906747877597809E+000
  0.100000000000000E+001 -0.198441737303511E+004  0.238425734504047E+002  0.712267284222472E+000  0.216186955913710E+002  0.824347565429000E+002 -0.210032720038163E+001  0.627580225467682E+000  0.810679078102112E+000  0.906325280666351E+000
  0.100000000000000E+001 -0.198441819280307E+004  0.224913717462089E+002  0.716299118101303E+000  0.226073133287161E+002  0.816811196547607E+002 -0.212526601131210E+001  0.631448328495026E+000  0.817850768566132E+000  0.909089744091034E+000
  0.100000000000000E+001 -0.198446866451422E+004  0.255389170119770E+002  0.728964977918081E+000  0.205502071591157E+002  0.933877563022542E+002 -0.212417187363041E+001  0.662138640880585E+000  0.830144286155701E+000  0.918232977390289E+000
  0.100000000000000E+001 -0.198453209364034E+004  0.260429531346714E+002  0.693588119299291E+000  0.211585973935821E+002  0.870619074516769E+002 -0.211317579566066E+001  0.640655279159546E+000  0.815308511257172E+000  0.909106791019440E+000
  0.100000000000000E+001 -0.198454028261922E+004  0.167909885086689E+002  0.861743100368962E+000  0.217993144357313E+002  0.845140025101507E+002 -0.211707657949382E+001  0.635395586490631E+000  0.829606652259827E+000  0.916503310203552E+000
  0.100000000000000E+001 -0.198458281494731E+004  0.216492347576229E+002  0.796876193840406E+000  0.200827707702451E+002  0.844571609351011E+002 -0.212302814339776E+001  0.621461033821106E+000  0.812097430229187E+000  0.907827138900757E+000
  0.100000000000000E+001 -0.198458864698947E+004  0.213532643348174E+002  0.777035543780291E+000  0.218478524432909E+002  0.830850604290228E+002 -0.211846367435405E+001  0.612555265426636E+000  0.813303709030151E+000  0.908449947834015E+000
  0.100000000000000E+001 -0.198460286753185E+004  0.177840082076865E+002  0.830659726229461E+000  0.216686251489635E+002  0.831586958658219E+002 -0.211162799149987E+001  0.636572837829590E+000  0.827001512050629E+000  0.914563000202179E+000
  0.100000000000000E+001 -0.198461624173354E+004  0.233552818643782E+002  0.731807683612877E+000  0.209222116115573E+002  0.827476218549071E+002 -0.213118113086032E+001  0.626259386539459E+000  0.810913443565369E+000  0.906499147415161E+000
  0.100000000000000E+001 -0.198467168048767E+004  0.187099488278892E+002  0.840105491722166E+000  0.219279365339886E+002  0.876523784132405E+002 -0.210890050149213E+001  0.634967148303986E+000  0.830694794654846E+000  0.917957961559296E+000
  0.100000000000000E+001 -0.198472776283322E+004  0.246709537764979E+002  0.749216790397427E+000  0.203563144913352E+002  0.905607961353268E+002 -0.211821025053504E+001  0.646246016025543E+000  0.821550428867340E+000  0.913797438144684E+000
  0.100000000000000E+001 -0.198473537411525E+004  0.171688168419502E+002  0.882910393259066E+000  0.206137074585832E+002  0.851064577215569E+002 -0.210810965146526E+001  0.628506958484650E+000  0.824179887771606E+000  0.913837730884552E+000
  0.100000000000000E+001 -0.198473595440670E+004  0.186469917741642E+002  0.834373733102714E+000  0.221160154825680E+002  0.851010690853928E+002 -0.212918499439601E+001  0.624875307083130E+000  0.824568212032318E+000  0.914339244365692E+000
  0.100000000000000E+001 -0.198477537798169E+004  0.193774960108262E+002  0.782366009249530E+000  0.219206035138698E+002  0.771732226504797E+002 -0.211526446627181E+001  0.611562848091125E+000  0.808426201343536E+000  0.904330909252167E+000
  0.100000000000000E+001 -0.198478116580585E+004  0.241475874583381E+002  0.735974728971495E+000  0.213389599325036E+002  0.911010618408518E+002 -0.210609088727041E+001  0.654147565364838E+000  0.830083429813385E+000  0.918026864528656E+000
  0.100000000000000E+001 -0.198478179548434E+004  0.227538719010908E+002  0.760492974430028E+000  0.204135067446961E+002  0.834604933638646E+002 -0.210199778215222E+001  0.623669803142548E+000  0.810211837291718E+000  0.906605422496796E+000
  0.100000000000000E+001 -0.198480845689184E+004  0.235252997935432E+002  0.751857897980772E+000  0.212916977704870E+002  0.918112197372510E+002 -0.212029962051372E+001  0.654955804347992E+000  0.832741677761078E+000  0.919521391391754E+000
  0.100000000000000E+001 -0.198481548409266E+004  0.187829215522492E+002  0.818798220456080E+000  0.222216609614244E+002  0.851179363108464E+002 -0.213639514941138E+001  0.635339319705963E+000  0.827969491481781E+000  0.915840685367584E+000
  0.100000000000000E+001 -0.198481713029248E+004  0.263708174892060E+002  0.637844887852045E+000  0.219239643197050E+002  0.836140277162036E+002 -0.211014370452594E+001  0.648541510105133E+000  0.817639410495758E+000  0.908155262470245E+000
  0.100000000000000E+001 -0.198483063843940E+004  0.182801874643962E+002  0.811978663495106E+000  0.218895532421439E+002  0.815595052477347E+002 -0.211935153108625E+001  0.632750093936920E+000  0.823316633701324E+000  0.912281930446625E+000
  0.100000000000000E+001 -0.198485396738464E+004  0.213414307248769E+002  0.747090903726772E+000  0.222332192269049E+002  0.849661276690391E+002 -0.211937851627048E+001  0.646012425422668E+000  0.828538656234741E+000  0.915525794029236E+000
  0.100000000000000E+001 -0.198485777368935E+004  0.201302170130247E+002  0.762000762175120E+000  0.222763059729290E+002  0.813401741235622E+002 -0.211334370053362E+001  0.635814428329468E+000  0.822288691997528E+000  0.911518037319183E+000
  0.100000000000000E+001 -0.198486120032979E+004  0.223453496870336E+002  0.745469241236021E+000  0.217043820216915E+002  0.826285920588177E+002 -0.210056502776851E+001  0.622485458850861E+000  0.813550472259521E+000  0.908082604408264E+000
  0.100000000000000E+001 -0.198487613636952E+004  0.249355099658077E+002  0.723192422115275E+000  0.211734483079492E+002  0.910828543870115E+002 -0.213856596932784E+001  0.654184758663177E+000  0.827690780162811E+000  0.916812121868134E+000
  0.100000000000000E+001 -0.198490750742635E+004  0.187822980757726E+002  0.831807283748009E+000  0.217691087777589E+002  0.820984151934610E+002 -0.211590858341352E+001  0.609486401081085E+000  0.814739644527435E+000  0.908957362174988E+000
  0.100000000000000E+001 -0.198493927083561E+004  0.185710633248788E+002  0.824550814088912E+000  0.223897500425863E+002  0.850996481909530E+002 -0.212765779049711E+001  0.633410215377808E+000  0.827611148357391E+000  0.915783166885376E+000
  0.100000000000000E+001 -0.198498487230782E+004  0.221194554285053E+002  0.774498410299691E+000  0.208587074876620E+002  0.835964404893826E+002 -0.212773276633582E+001  0.616764783859253E+000  0.810905516147614E+000  0.907219111919403E+000
  0.100000000000000E+001 -0.198500765581220E+004  0.250303097327974E+002  0.707560650972463E+000  0.216535477539276E+002  0.899111999883036E+002 -0.213635499420760E+001  0.654859364032745E+000  0.827098786830902E+000  0.916096985340118E+000
  0.100000000000000E+001 -0.198503708982332E+004  0.224597882223109E+002  0.783164468445114E+000  0.208621712537028E+002  0.878804446668614E+002 -0.212797852003301E+001  0.629924476146698E+000  0.819865345954895E+000  0.912521183490753E+000
  0.100000000000000E+001 -0.198504715558149E+004  0.275030262115060E+002  0.678629484977463E+000  0.205794680620025E+002  0.908531739980897E+002 -0.211481854906884E+001  0.658019959926605E+000  0.824217140674591E+000  0.912627279758453E+000
  0.100000000000000E+001 -0.198504820604896E+004  0.214676908411579E+002  0.766460934048193E+000  0.220404091744714E+002  0.886230721783548E+002 -0.211551427707877E+001  0.650591790676117E+000  0.833490371704102E+000  0.919176280498505E+000
  0.100000000000000E+001 -0.198517519878509E+004  0.216683634707790E+002  0.746479622467893E+000  0.223732331542507E+002  0.839921187845243E+002 -0.213183420008628E+001  0.634381413459778E+000  0.822820842266083E+000  0.912655353546143E+000
  0.100000000000000E+001 -0.198518854877624E+004  0.235143128645319E+002  0.724830287565968E+000  0.209353619531702E+002  0.854870897306381E+002 -0.212601172785539E+001  0.643909513950348E+000  0.821195781230927E+000  0.911707222461700E+000
  0.100000000000000E+001 -0.198520725648992E+004  0.179676682360212E+002  0.826075854216363E+000  0.220249150979393E+002  0.803306704398206E+002 -0.212027939105585E+001  0.618465125560760E+000  0.817223012447357E+000  0.909382641315460E+000
  0.100000000000000E+001 -0.198521162450298E+004  0.193040862443405E+002  0.806344276680295E+000  0.209793721162940E+002  0.805844448302951E+002 -0.212165801259080E+001  0.620194852352142E+000  0.814693689346313E+000  0.907877743244171E+000
  0.100000000000000E+001 -0.198524633267599E+004  0.229564675192852E+002  0.773497291565161E+000  0.208969426681240E+002  0.894687606157188E+002 -0.212291590165951E+001  0.638606131076813E+000  0.823860704898834E+000  0.914775431156158E+000
  0.100000000000000E+001 -0.198525276448659E+004  0.175794529476947E+002  0.852341317295163E+000  0.220092519318167E+002  0.847469267478829E+002 -0.211952073485244E+001  0.628446280956268E+000  0.826710760593414E+000  0.915250599384308E+000
  0.100000000000000E+001 -0.198526179720616E+004  0.190939614226243E+002  0.813304692090234E+000  0.209907998438466E+002  0.784821552726596E+002 -0.211827604826380E+001  0.606005609035492E+000  0.806969940662384E+000  0.904009044170380E+000
  0.100000000000000E+001 -0.198530238027086E+004  0.249123084558103E+002  0.690867864252991E+000  0.218327070138728E+002  0.850047890857470E+002 -0.210984502872358E+001  0.641605675220490E+000  0.816932380199432E+000  0.909612476825714E+000
  0.100000000000000E+001 -0.198530745776329E+004  0.238529943380312E+002  0.726832269492278E+000  0.218456187187417E+002  0.866545613986619E+002 -0.212525272555616E+001  0.637449860572815E+000  0.819996535778046E+000  0.912109911441803E+000
  0.100000000000000E+001 -0.198544217393965E+004  0.194717083042325E+002  0.788669109138683E+000  0.216951229408355E+002  0.784643535315231E+002 -0.211490992104776E+001  0.613233804702759E+000  0.810399949550629E+000  0.905551373958588E+000
  0.100000000000000E+001 -0.198551103978086E+004  0.213782531992351E+002  0.748318256123230E+000  0.219973048999661E+002  0.837836809546206E+002 -0.210639206235418E+001  0.639398515224457E+000  0.824388861656189E+000  0.913202345371246E+000
  0.100000000000000E+001 -0.198551115484003E+004  0.231078148508716E+002  0.742798480751832E+000  0.218151198669225E+002  0.864045675416525E+002 -0.212805270055352E+001  0.634168207645416E+000  0.820526957511902E+000  0.912409842014313E+000
  0.100000000000000E+001 -0.198562101775048E+004  0.178617244833469E+002  0.834177937258847E+000  0.214622931871651E+002  0.811487496846507E+002 -0.211037470355232E+001  0.622286975383759E+000  0.819295585155487E+000  0.910332024097443E+000
  0.100000000000000E+001 -0.198582062761620E+004  0.199183234471641E+002  0.787920495937872E+000  0.222243593382109E+002  0.824927946249234E+002 -0.211574921182347E+001  0.624905526638031E+000  0.819683611392975E+000  0.911057889461517E+000
  0.100000000000000E+001 -0.198587713960933E+004  0.202872079926364E+002  0.788589972952158E+000  0.215971985644078E+002  0.813964842712687E+002 -0.211055984180399E+001  0.615011453628540E+000  0.813541948795319E+000  0.907880187034607E+000
  0.100000000000000E+001 -0.198594266433996E+004  0.202867213058233E+002  0.806066371748972E+000  0.208014201321806E+002  0.842381580449952E+002 -0.211862994976630E+001  0.625158488750458E+000  0.819069027900696E+000  0.910941720008850E+000
  0.100000000000000E+001 -0.198609872466749E+004  0.210046610972792E+002  0.779723202637213E+000  0.212870229594446E+002  0.823740949021632E+002 -0.211899172822894E+001  0.616367697715759E+000  0.814044058322906E+000  0.908258974552155E+000
  0.100000000000000E+001 -0.198623618510840E+004  0.200282007444054E+002  0.789401263860502E+000  0.218650627043083E+002  0.825559035833513E+002 -0.211125890484425E+001  0.624302089214325E+000  0.819093286991119E+000  0.910692572593689E+000
