  0.100000000000000E+001 -0.196794176769277E+004  0.183573129265469E+002  0.112501104212366E+001  0.324676949280394E+002  0.511178671221017E+001 -0.212040043183001E+001  0.970480963587761E-001  0.457953840494156E+000  0.761972665786743E+000
  0.100000000000000E+001 -0.196793227895805E+004  0.171416811150752E+002  0.111781084312955E+001  0.379558984853084E+002  0.702862944653104E+001 -0.207877558702243E+001  0.959822833538055E-001  0.495554953813553E+000  0.784401476383209E+000
  0.100000000000000E+001 -0.196793052680673E+004  0.179866271366304E+002  0.109864974477163E+001  0.377509588526342E+002  0.882551824738870E+001 -0.209351878510342E+001  0.855116397142410E-001  0.478313744068146E+000  0.775569856166840E+000
  0.100000000000000E+001 -0.196791859817411E+004  0.170003890712971E+002  0.112545562672121E+001  0.382440972231845E+002  0.463864521786226E+001 -0.207943108364256E+001  0.929537862539291E-001  0.493410170078278E+000  0.783835768699646E+000
  0.100000000000000E+001 -0.196786079555590E+004  0.196802500717928E+002  0.103118925083949E+001  0.354459454312259E+002  0.684090651194329E+001 -0.211262522819854E+001  0.917267948389053E-001  0.468689739704132E+000  0.760976016521454E+000
  0.100000000000000E+001 -0.196783850743449E+004  0.184647803008971E+002  0.106438979709216E+001  0.378145590205411E+002  0.106833069993380E+002 -0.211815726437611E+001  0.891515165567398E-001  0.484006196260452E+000  0.774505257606506E+000
  0.100000000000000E+001 -0.196782496297636E+004  0.190873194592813E+002  0.108050644629864E+001  0.352460974822889E+002  0.834345564461322E+001 -0.209662179543935E+001  0.847920998930931E-001  0.454970002174377E+000  0.762098491191864E+000
  0.100000000000000E+001 -0.196782297966771E+004  0.176523905048443E+002  0.110867410476625E+001  0.372554823630952E+002  0.581715349387297E+001 -0.213842743820013E+001  0.904023796319962E-001  0.483643442392349E+000  0.777168691158295E+000
  0.100000000000000E+001 -0.196781014498863E+004  0.168812907335356E+002  0.112659008415671E+001  0.350487314542333E+002  0.590632111935103E+001 -0.211704915429709E+001  0.115039408206940E+000  0.507129549980164E+000  0.785832643508911E+000
  0.100000000000000E+001 -0.196776218244031E+004  0.174584631907557E+002  0.110112487831945E+001  0.383199440058333E+002  0.117551330388488E+002 -0.210524269454018E+001  0.953014940023422E-001  0.496437162160873E+000  0.784913003444672E+000
  0.100000000000000E+001 -0.196770907056135E+004  0.166665589073114E+002  0.113283788985930E+001  0.367449168843244E+002  0.862094270701799E+001 -0.210442911189138E+001  0.109041780233383E+000  0.507881581783295E+000  0.789960563182831E+000
  0.100000000000000E+001 -0.196770775202880E+004  0.175397816026816E+002  0.111672028000580E+001  0.351221960227417E+002  0.911766352602742E+001 -0.212547233003004E+001  0.103761777281761E+000  0.491340696811676E+000  0.779419064521790E+000
  0.100000000000000E+001 -0.196765274476437E+004  0.186212805355905E+002  0.108857611376533E+001  0.334447723377061E+002  0.859647746433426E+001 -0.208337384064908E+001  0.102467700839043E+000  0.474274516105652E+000  0.766800105571747E+000
  0.100000000000000E+001 -0.196764012757845E+004  0.179652679872503E+002  0.110946669528571E+001  0.350302774672574E+002  0.102123953614527E+002 -0.212392775853585E+001  0.979069992899895E-001  0.481041014194489E+000  0.774595916271210E+000
  0.100000000000000E+001 -0.196763076159027E+004  0.158534717963579E+002  0.114243223195351E+001  0.379895421117105E+002  0.591933307614469E+001 -0.210787818409010E+001  0.121855571866035E+000  0.526388227939606E+000  0.798266053199768E+000
  0.100000000000000E+001 -0.196760255689555E+004  0.194854381755674E+002  0.103723569191709E+001  0.357935183643719E+002  0.587589649576169E+001 -0.207910308679826E+001  0.903328135609627E-001  0.467849612236023E+000  0.761553287506104E+000
  0.100000000000000E+001 -0.196757062339964E+004  0.184260960906470E+002  0.107298759905312E+001  0.343682716242265E+002  0.548167863260709E+001 -0.207682019164250E+001  0.107786640524864E+000  0.486764937639236E+000  0.770084500312805E+000
  0.100000000000000E+001 -0.196745650527364E+004  0.178689026095379E+002  0.113812089492922E+001  0.328891948698702E+002  0.440193647627568E+001 -0.210098147324206E+001  0.991204306483269E-001  0.465684115886688E+000  0.767130672931671E+000
  0.100000000000000E+001 -0.196738216953287E+004  0.173320837880358E+002  0.110160031497548E+001  0.398382211077656E+002  0.838298224402988E+001 -0.208567992263539E+001  0.898922234773636E-001  0.495374053716660E+000  0.784992635250092E+000
  0.100000000000000E+001 -0.196736034974433E+004  0.176438086125096E+002  0.113175831935091E+001  0.331212613131579E+002  0.667902969269293E+001 -0.210192482260524E+001  0.106906659901142E+000  0.481480032205582E+000  0.773414492607117E+000
  0.100000000000000E+001 -0.196195857902639E+004  0.183126722835737E+002  0.107483603562608E+001  0.392635500206657E+002  0.166402538442283E+002 -0.208712916658086E+001  0.821022391319275E-001  0.482564151287079E+000  0.778576195240021E+000
  0.100000000000000E+001 -0.196734026742036E+004  0.193670035028386E+002  0.106267817484438E+001  0.332120575597826E+002  0.881166828258790E+001 -0.213146710742204E+001  0.999424904584885E-001  0.468534469604492E+000  0.762273073196411E+000
  0.100000000000000E+001 -0.196733846298004E+004  0.182286005500725E+002  0.108366345906359E+001  0.334777476492803E+002  0.751559481177546E+001 -0.210860063258745E+001  0.114602863788605E+000  0.491475582122803E+000  0.772691071033478E+000
  0.100000000000000E+001 -0.196728281542129E+004  0.185258992497292E+002  0.109310623730133E+001  0.353601416303359E+002  0.126895783063343E+002 -0.210899381767769E+001  0.907886326313019E-001  0.470796883106232E+000  0.769968926906586E+000
  0.100000000000000E+001 -0.196726184413738E+004  0.192095704307124E+002  0.103936359013668E+001  0.360553144790642E+002  0.622695182296135E+001 -0.213162060222654E+001  0.940581709146500E-001  0.475493013858795E+000  0.764480412006378E+000
  0.100000000000000E+001 -0.196725293907781E+004  0.189182722216129E+002  0.105178191750206E+001  0.359007474665533E+002  0.802981337085856E+001 -0.213509875922188E+001  0.963931977748871E-001  0.479748219251633E+000  0.767678856849670E+000
  0.100000000000000E+001 -0.196724616190564E+004  0.187210276315112E+002  0.106324296063445E+001  0.381206470825091E+002  0.870900739875091E+001 -0.211695905674076E+001  0.825125873088837E-001  0.473243713378906E+000  0.769736826419830E+000
  0.100000000000000E+001 -0.196722619680396E+004  0.161126110648798E+002  0.112553500892191E+001  0.418840168990764E+002  0.662120304932815E+001 -0.210277869892980E+001  0.100462466478348E+000  0.522130787372589E+000  0.798367619514465E+000
  0.100000000000000E+001 -0.196720488227327E+004  0.180879981695137E+002  0.109976787130170E+001  0.360390864841095E+002  0.993790202189908E+001 -0.213413791398984E+001  0.930639579892159E-001  0.479685962200165E+000  0.774248301982880E+000
  0.100000000000000E+001 -0.196719987216167E+004  0.188993791984325E+002  0.107691188631717E+001  0.357087735092357E+002  0.583550217244446E+001 -0.207220340532526E+001  0.867100507020950E-001  0.461738348007202E+000  0.762822091579437E+000
  0.100000000000000E+001 -0.196717565163235E+004  0.186653208841255E+002  0.108609141736335E+001  0.353704628468633E+002  0.817029922274616E+001 -0.213872647265169E+001  0.904322117567062E-001  0.467595547437668E+000  0.766414225101471E+000
  0.100000000000000E+001 -0.196716302947384E+004  0.168869917617978E+002  0.114248567312727E+001  0.360879088223879E+002  0.650389570345954E+001 -0.209316880219613E+001  0.996899157762527E-001  0.493518173694611E+000  0.783769786357880E+000
  0.100000000000000E+001 -0.196715329981737E+004  0.182465084801530E+002  0.107949669367221E+001  0.371565115758856E+002  0.117534128196329E+002 -0.208196902556499E+001  0.914690345525742E-001  0.484718650579453E+000  0.776051282882690E+000
  0.100000000000000E+001 -0.196715322639374E+004  0.193020493615358E+002  0.107294597979241E+001  0.329897783127372E+002  0.118943871439407E+002 -0.211457940327700E+001  0.990168154239655E-001  0.467388510704041E+000  0.763648331165314E+000
  0.100000000000000E+001 -0.196712187084583E+004  0.184419069398267E+002  0.106032975155077E+001  0.375788468732940E+002  0.121952406774512E+002 -0.209443798126247E+001  0.928896963596344E-001  0.489025026559830E+000  0.776269733905792E+000
  0.100000000000000E+001 -0.195711872067270E+004  0.199995908329872E+002  0.103211163910304E+001  0.382756063917707E+002  0.160958223425240E+002 -0.209411363707003E+001  0.709518343210220E-001  0.454771250486374E+000  0.762797296047211E+000
  0.100000000000000E+001 -0.196710307597952E+004  0.182855207205426E+002  0.109583459301140E+001  0.356150800757010E+002  0.790509102905602E+001 -0.214204282292849E+001  0.929667651653290E-001  0.474894016981125E+000  0.770636916160583E+000
  0.100000000000000E+001 -0.196708473748053E+004  0.176019033447453E+002  0.106145930185268E+001  0.386888825763868E+002  0.682591109005224E+001 -0.209345547186593E+001  0.110197164118290E+000  0.515081882476807E+000  0.786002099514008E+000
  0.100000000000000E+001 -0.196707876125598E+004  0.170523891175359E+002  0.109844942685838E+001  0.359611893331051E+002  0.580080903179977E+001 -0.212005154295833E+001  0.121109113097191E+000  0.516893148422241E+000  0.787655115127563E+000
  0.100000000000000E+001 -0.196704640218003E+004  0.167072046799334E+002  0.111992643630567E+001  0.394141080297607E+002  0.105482902423160E+002 -0.209684961754589E+001  0.100526764988899E+000  0.507799088954926E+000  0.792594611644745E+000
  0.100000000000000E+001 -0.196702557799388E+004  0.169986299141774E+002  0.112626049457385E+001  0.371967218159424E+002  0.738034761866642E+001 -0.207753915294779E+001  0.996323674917221E-001  0.497797459363937E+000  0.785381078720093E+000
  0.100000000000000E+001 -0.196697822547732E+004  0.180627409504654E+002  0.107233870651059E+001  0.383974950074478E+002  0.910393423155442E+001 -0.207285607908949E+001  0.921540409326553E-001  0.491246998310089E+000  0.778609216213226E+000
  0.100000000000000E+001 -0.196690550013624E+004  0.183067001563426E+002  0.111142181263385E+001  0.354013243766890E+002  0.692611712722843E+001 -0.211552556773505E+001  0.871028304100037E-001  0.462131798267365E+000  0.767250895500183E+000
  0.100000000000000E+001 -0.196687016551455E+004  0.184236086739880E+002  0.106451297176506E+001  0.367618080530560E+002  0.938754156011840E+001 -0.213619012773093E+001  0.964695960283279E-001  0.487963497638702E+000  0.774230539798737E+000
  0.100000000000000E+001 -0.196684332665994E+004  0.165888542311301E+002  0.114739626106538E+001  0.361382625397997E+002  0.743209261167826E+001 -0.211275682376283E+001  0.105820670723915E+000  0.502041935920715E+000  0.788114190101624E+000
  0.100000000000000E+001 -0.195697320575267E+004  0.165955815570106E+002  0.116152774358145E+001  0.376182069241818E+002  0.984241527707198E+001 -0.214139900812400E+001  0.912354514002800E-001  0.488411545753479E+000  0.786067008972168E+000
  0.100000000000000E+001 -0.196683283614860E+004  0.186928696563825E+002  0.106343614511196E+001  0.388613534738398E+002  0.423730449420084E+001 -0.209670863732297E+001  0.778808146715164E-001  0.470333456993103E+000  0.767852067947388E+000
  0.100000000000000E+001 -0.196680389265943E+004  0.177783845179970E+002  0.110594161037752E+001  0.379091442710937E+002  0.949529123354968E+001 -0.212072870643988E+001  0.859927758574486E-001  0.481201857328415E+000  0.777995467185974E+000
  0.100000000000000E+001 -0.196172959778593E+004  0.194148693833363E+002  0.106713691324463E+001  0.342837333025562E+002  0.204719626946245E+002 -0.211326683985696E+001  0.926646888256073E-001  0.469376921653748E+000  0.766882717609406E+000
  0.100000000000000E+001 -0.196667756510635E+004  0.163753554467730E+002  0.113012887581159E+001  0.380322530939246E+002  0.691116921209192E+001 -0.207809812042120E+001  0.111869305372238E+000  0.515627264976501E+000  0.793720602989197E+000
  0.100000000000000E+001 -0.196667372312589E+004  0.195118637623437E+002  0.105283649076709E+001  0.325554292925543E+002  0.782859981092174E+001 -0.212314690117441E+001  0.106910973787308E+000  0.472610384225845E+000  0.761498868465424E+000
  0.100000000000000E+001 -0.196662171629602E+004  0.167086880409299E+002  0.109557151537026E+001  0.414267120936351E+002  0.587753037139181E+001 -0.207603166451970E+001  0.101824939250946E+000  0.521362721920013E+000  0.793994009494781E+000
  0.100000000000000E+001 -0.196661857939903E+004  0.175142658787896E+002  0.113164293813215E+001  0.360051731602571E+002  0.694617947685097E+001 -0.212109066725573E+001  0.914632827043533E-001  0.477094233036041E+000  0.776205658912659E+000
  0.100000000000000E+001 -0.196660784491879E+004  0.174071963785325E+002  0.114290414126957E+001  0.328866178280919E+002  0.583877584412074E+001 -0.210605418537807E+001  0.108356595039368E+000  0.482554674148560E+000  0.774581253528595E+000
  0.100000000000000E+001 -0.196659884028327E+004  0.186983490942733E+002  0.110899145544881E+001  0.317240835355565E+002  0.799231748565175E+001 -0.208933732684491E+001  0.102303929626942E+000  0.462791442871094E+000  0.762876451015472E+000
  0.100000000000000E+001 -0.196654274902865E+004  0.180159652337704E+002  0.107033297008198E+001  0.389327163734356E+002  0.112537596578842E+002 -0.212077658612580E+001  0.922436118125916E-001  0.493952333927155E+000  0.780888438224792E+000
  0.100000000000000E+001 -0.196639508725262E+004  0.169169226258470E+002  0.111113876673582E+001  0.408283528617282E+002  0.766796908476760E+001 -0.208430069212243E+001  0.911118388175964E-001  0.502949416637421E+000  0.789476275444031E+000
  0.100000000000000E+001 -0.196634410649977E+004  0.199265274142456E+002  0.104836074592373E+001  0.340384606958205E+002  0.104382290733761E+002 -0.208636494624938E+001  0.918342620134354E-001  0.459250509738922E+000  0.758796632289886E+000
  0.100000000000000E+001 -0.196631599183690E+004  0.176089245926509E+002  0.108322355388072E+001  0.407925155184968E+002  0.553951335178896E+001 -0.212306153349752E+001  0.859738513827324E-001  0.496101737022400E+000  0.782358050346375E+000
  0.100000000000000E+001 -0.196631113156178E+004  0.197419244485537E+002  0.102648412420755E+001  0.348122739707682E+002  0.786482183738023E+001 -0.210758418583960E+001  0.975062400102615E-001  0.473290920257568E+000  0.761805713176727E+000
  0.100000000000000E+001 -0.196630504718508E+004  0.167355581624637E+002  0.113927243039980E+001  0.355531524538581E+002  0.814338069429622E+001 -0.212138149780736E+001  0.109953969717026E+000  0.504396975040436E+000  0.787576973438263E+000
  0.100000000000000E+001 -0.196629727430729E+004  0.196746942842504E+002  0.108720565593244E+001  0.310607283256613E+002  0.626381453295640E+001 -0.209391059965100E+001  0.100713342428207E+000  0.449548661708832E+000  0.752801477909088E+000
  0.100000000000000E+001 -0.195634333750901E+004  0.213132909938640E+002  0.101016264613679E+001  0.339070230720052E+002  0.211481451585498E+002 -0.207478784032678E+001  0.899446606636047E-001  0.453978568315506E+000  0.754448056221008E+000
  0.100000000000000E+001 -0.196629359915294E+004  0.189948308077135E+002  0.110662615234721E+001  0.314935251956259E+002  0.105122992118981E+002 -0.210842348099206E+001  0.100171238183975E+000  0.459209620952606E+000  0.761394202709198E+000
  0.100000000000000E+001 -0.196623421360641E+004  0.191023312039094E+002  0.103594996049097E+001  0.376413819793282E+002  0.700396699492108E+001 -0.212565229897542E+001  0.882912725210190E-001  0.477568626403809E+000  0.767034292221069E+000
  0.100000000000000E+001 -0.196623050381161E+004  0.180278733548741E+002  0.107832773069300E+001  0.400916665277025E+002  0.740845367915733E+001 -0.210915104830585E+001  0.817084908485413E-001  0.485145896673203E+000  0.777654409408569E+000
  0.100000000000000E+001 -0.196617830581998E+004  0.184118407218296E+002  0.111066806609839E+001  0.311485182855245E+002  0.525933655397996E+001 -0.212503789986596E+001  0.111434981226921E+000  0.471363723278046E+000  0.763918936252594E+000
  0.100000000000000E+001 -0.196616261332810E+004  0.174675796778097E+002  0.112618074701239E+001  0.371245177404387E+002  0.878950095293721E+001 -0.211778948714949E+001  0.885656625032425E-001  0.480772435665131E+000  0.779085457324982E+000
  0.100000000000000E+001 -0.196615995726234E+004  0.189286922968208E+002  0.104752441587815E+001  0.360724402384970E+002  0.898115104795693E+001 -0.207466106689487E+001  0.969868302345276E-001  0.482141792774200E+000  0.768718540668488E+000
  0.100000000000000E+001 -0.196609267870131E+004  0.189332149455138E+002  0.105808213991711E+001  0.359237924773991E+002  0.122420467048232E+002 -0.212903949355779E+001  0.933205187320709E-001  0.477110803127289E+000  0.769179880619049E+000
  0.100000000000000E+001 -0.196608194572886E+004  0.190125829132765E+002  0.106353976300864E+001  0.372181245326606E+002  0.129045668612194E+002 -0.210023983744322E+001  0.819238871335983E-001  0.466781407594681E+000  0.767657995223999E+000
  0.100000000000000E+001 -0.196607700172687E+004  0.191072671097773E+002  0.106016127646226E+001  0.358119058540504E+002  0.141424140470105E+002 -0.208648030164021E+001  0.895057171583176E-001  0.470732092857361E+000  0.768310964107513E+000
  0.100000000000000E+001 -0.196162109276730E+004  0.194778433605664E+002  0.110185913878385E+001  0.300731273612372E+002  0.107691823950597E+002 -0.213359489608468E+001  0.108627833425999E+000  0.455390512943268E+000  0.756273806095123E+000
  0.100000000000000E+001 -0.196604828204138E+004  0.178724200414345E+002  0.108345864379458E+001  0.353200030371431E+002  0.102351488966402E+002 -0.209459589513830E+001  0.110751643776894E+000  0.500840663909912E+000  0.780004680156708E+000
  0.100000000000000E+001 -0.196162073303815E+004  0.200516974997116E+002  0.105289326159445E+001  0.338416432815972E+002  0.148823924009412E+002 -0.213687023283986E+001  0.906688868999481E-001  0.457231700420380E+000  0.759536862373352E+000
  0.100000000000000E+001 -0.196604769372953E+004  0.181162405585975E+002  0.106383887059820E+001  0.378664301653404E+002  0.126524819125120E+002 -0.210831875421042E+001  0.985508486628532E-001  0.498267829418182E+000  0.780974209308624E+000
  0.100000000000000E+001 -0.196602670332438E+004  0.203243943430434E+002  0.105539296465265E+001  0.320668616888152E+002  0.105626414130043E+002 -0.210291116834193E+001  0.969352200627327E-001  0.451688617467880E+000  0.752964437007904E+000
  0.100000000000000E+001 -0.196593281653341E+004  0.180758228604465E+002  0.108937116279451E+001  0.358727606746241E+002  0.145887501134716E+002 -0.210496395805617E+001  0.991326272487640E-001  0.489887148141861E+000  0.778551220893860E+000
  0.100000000000000E+001 -0.196567047413348E+004  0.174631932604494E+002  0.107381897084758E+001  0.415498982755040E+002  0.531204021227712E+001 -0.207793259430303E+001  0.908657014369965E-001  0.507935762405396E+000  0.785997569561005E+000
  0.100000000000000E+001 -0.196512248388371E+004  0.183445259060799E+002  0.106450553338604E+001  0.399997446279445E+002  0.709418921406705E+001 -0.211709563450667E+001  0.804232507944107E-001  0.482986330986023E+000  0.774788737297058E+000
  0.100000000000000E+001 -0.196505842335269E+004  0.156663526120000E+002  0.115228765016679E+001  0.386021677136466E+002  0.636713526217212E+001 -0.207982102071400E+001  0.118366897106171E+000  0.525453746318817E+000  0.799376904964447E+000
  0.100000000000000E+001 -0.196502321624388E+004  0.202648754140821E+002  0.104858412012640E+001  0.337354129081512E+002  0.440867890472827E+001 -0.209387887525138E+001  0.865832269191742E-001  0.443595051765442E+000  0.749854266643524E+000
  0.100000000000000E+001 -0.195558795744143E+004  0.207948046438366E+002  0.103435799898649E+001  0.342647254758752E+002  0.116555030483701E+002 -0.205528748618688E+001  0.837491527199745E-001  0.442566096782684E+000  0.750974833965302E+000
  0.100000000000000E+001 -0.196501836535150E+004  0.185398117531577E+002  0.109291823294318E+001  0.334018087551511E+002  0.702286880217793E+001 -0.215117730151145E+001  0.102222561836243E+000  0.473352938890457E+000  0.766173839569092E+000
  0.100000000000000E+001 -0.196497227693416E+004  0.175919094507760E+002  0.112066084738929E+001  0.339263342100072E+002  0.460028416637335E+001 -0.206730719482315E+001  0.107353731989861E+000  0.486763745546341E+000  0.774827539920807E+000
  0.100000000000000E+001 -0.196494433209638E+004  0.190655530324739E+002  0.108985780828314E+001  0.343669137562760E+002  0.631816902476651E+001 -0.213728892388954E+001  0.859970003366470E-001  0.450590193271637E+000  0.759734809398651E+000
  0.100000000000000E+001 -0.196488299449251E+004  0.194347652673401E+002  0.107899618276278E+001  0.315596571905862E+002  0.125796514581719E+002 -0.209279703359420E+001  0.105028167366982E+000  0.466547727584839E+000  0.761653542518616E+000
  0.100000000000000E+001 -0.196482795928889E+004  0.157920550161237E+002  0.116050081663159E+001  0.372434384036742E+002  0.515936585483608E+001 -0.208424891361970E+001  0.115930840373039E+000  0.517569303512573E+000  0.795237302780151E+000
  0.100000000000000E+001 -0.196472216709658E+004  0.185157113092981E+002  0.113205051753359E+001  0.309607165524131E+002  0.632470957225316E+001 -0.211791632469123E+001  0.101235121488571E+000  0.453892886638641E+000  0.759867846965790E+000
  0.100000000000000E+001 -0.196468814469356E+004  0.182006917218551E+002  0.111927239535771E+001  0.311158031484363E+002  0.649555062957812E+001 -0.212603187057643E+001  0.113172590732574E+000  0.474975645542145E+000  0.766183435916901E+000
  0.100000000000000E+001 -0.196466884114477E+004  0.158953688508760E+002  0.110868782259491E+001  0.407108814239995E+002  0.422063811823576E+001 -0.207043773648191E+001  0.125073328614235E+000  0.542282879352570E+000  0.802035987377167E+000
  0.100000000000000E+001 -0.196459977722008E+004  0.191959198918352E+002  0.108295724419344E+001  0.345383921915141E+002  0.826751418033094E+001 -0.207238732172195E+001  0.857005864381790E-001  0.452958345413208E+000  0.760667979717255E+000
  0.100000000000000E+001 -0.196522985470000E+004  0.171717363111498E+002  0.111823620184996E+001  0.359666157275657E+002  0.484421266167379E+001 -0.215544557223971E+001  0.104879111051559E+000  0.498171865940094E+000  0.782109797000885E+000
  0.100000000000000E+001 -0.196452698397818E+004  0.177259466240632E+002  0.110679352478955E+001  0.368910211680722E+002  0.156620229145611E+002 -0.210828334265996E+001  0.932672023773193E-001  0.488965988159180E+000  0.780998289585114E+000
  0.100000000000000E+001 -0.196525851544506E+004  0.172122923238766E+002  0.108527665031645E+001  0.410324701752564E+002  0.976107989943309E+001 -0.208157377017883E+001  0.959002524614334E-001  0.511298716068268E+000  0.790146529674530E+000
  0.100000000000000E+001 -0.196435545241006E+004  0.188275839736866E+002  0.105375949116123E+001  0.338793047287958E+002  0.903599558780200E+001 -0.210383216480949E+001  0.111775517463684E+000  0.488418638706207E+000  0.769333064556122E+000
  0.100000000000000E+001 -0.196435044621373E+004  0.180140806435207E+002  0.109763951841730E+001  0.380060835289647E+002  0.118131775852070E+002 -0.207686801544914E+001  0.840405374765396E-001  0.478860259056091E+000  0.777001798152924E+000
  0.100000000000000E+001 -0.196433927395507E+004  0.174051640630985E+002  0.113355604321121E+001  0.325791388730590E+002  0.824384354469149E+001 -0.211394091537603E+001  0.116635814309120E+000  0.492645531892776E+000  0.777738630771637E+000
  0.100000000000000E+001 -0.196432655584065E+004  0.170029310883762E+002  0.109772120852101E+001  0.402002525159376E+002  0.132212000130196E+002 -0.208735650181730E+001  0.100618094205856E+000  0.512323915958405E+000  0.793114840984344E+000
  0.100000000000000E+001 -0.195818646147544E+004  0.154533303549224E+002  0.110123863211794E+001  0.434791873873608E+002  0.447568989550591E+001 -0.212076174336606E+001  0.130239367485046E+000  0.560938715934753E+000  0.808334290981293E+000
  0.100000000000000E+001 -0.196527723023576E+004  0.160813185837661E+002  0.112795437930862E+001  0.402996966136245E+002  0.106549279748224E+002 -0.209950767918360E+001  0.110843077301979E+000  0.524343252182007E+000  0.800117015838623E+000
  0.100000000000000E+001 -0.196128636464097E+004  0.176300816019048E+002  0.106484386468784E+001  0.382018515127565E+002  0.608332034204753E+001 -0.205164859202838E+001  0.109668478369713E+000  0.512331068515778E+000  0.784595072269440E+000
  0.100000000000000E+001 -0.196422930746298E+004  0.195523999762338E+002  0.104061391084915E+001  0.353099204426445E+002  0.159805887842427E+002 -0.210439207191320E+001  0.929498970508575E-001  0.474008947610855E+000  0.767168700695038E+000
  0.100000000000000E+001 -0.196414022170992E+004  0.179925286073615E+002  0.104770766471232E+001  0.385063618417099E+002  0.645156143264082E+001 -0.213013522500293E+001  0.106748200953007E+000  0.509841084480286E+000  0.781961858272552E+000
  0.100000000000000E+001 -0.196400800004899E+004  0.157896762659304E+002  0.115687481561166E+001  0.415184100493655E+002  0.633222084331221E+001 -0.209213541877579E+001  0.943640619516373E-001  0.511496126651764E+000  0.797068655490875E+000
  0.100000000000000E+001 -0.196398428373492E+004  0.165303336578759E+002  0.111755832050179E+001  0.374453704622084E+002  0.468065307146225E+001 -0.206079297419745E+001  0.116956636309624E+000  0.518319845199585E+000  0.791864693164825E+000
  0.100000000000000E+001 -0.195858993378561E+004  0.139811416268132E+002  0.119383008096615E+001  0.445827499811142E+002  0.698036507877560E+001 -0.213400136154292E+001  0.112100139260292E+000  0.546399235725403E+000  0.814060211181641E+000
  0.100000000000000E+001 -0.196381752429761E+004  0.175796372274634E+002  0.107815996783848E+001  0.387872762695815E+002  0.649133038222178E+001 -0.205264435921899E+001  0.100184977054596E+000  0.504321515560150E+000  0.783702552318573E+000
  0.100000000000000E+001 -0.196365871712046E+004  0.186409687627464E+002  0.109921815454764E+001  0.341309642237951E+002  0.153086712795768E+002 -0.208727212414290E+001  0.932775884866714E-001  0.467503458261490E+000  0.768831253051758E+000
  0.100000000000000E+001 -0.196365552862885E+004  0.184023144461183E+002  0.107159823615149E+001  0.396208360204811E+002  0.926331417174030E+001 -0.207656830022406E+001  0.780671760439873E-001  0.476696759462357E+000  0.773829162120819E+000
  0.100000000000000E+001 -0.196355933601221E+004  0.179565679199094E+002  0.108426807424268E+001  0.337028247912743E+002  0.624591470257077E+001 -0.207778663113125E+001  0.119267508387566E+000  0.499479621648788E+000  0.775924503803253E+000
  0.100000000000000E+001 -0.196341682530182E+004  0.175954396755210E+002  0.111193939917125E+001  0.359160864641277E+002  0.452215019945600E+001 -0.205242822419324E+001  0.980489850044250E-001  0.486445724964142E+000  0.776441514492035E+000
  0.100000000000000E+001 -0.196314608396161E+004  0.159700075027746E+002  0.111312766380253E+001  0.443234224165938E+002  0.428006754873024E+001 -0.210615643621174E+001  0.979451537132263E-001  0.533525407314301E+000  0.800717592239380E+000
  0.100000000000000E+001 -0.196543770238922E+004  0.187005129888153E+002  0.103576672483867E+001  0.389120018798366E+002  0.499270068461306E+001 -0.207209118828610E+001  0.890281200408936E-001  0.489829182624817E+000  0.772390782833099E+000
  0.100000000000000E+001 -0.196285359062479E+004  0.195526841359969E+002  0.106089250462099E+001  0.353731458176212E+002  0.150685618147152E+002 -0.213091784704768E+001  0.846657827496529E-001  0.459800958633423E+000  0.764046967029572E+000
  0.100000000000000E+001 -0.196114488241289E+004  0.197306938461889E+002  0.102328535602718E+001  0.378202549076323E+002  0.137959362090990E+002 -0.208277011100808E+001  0.799534469842911E-001  0.467981189489365E+000  0.765489578247070E+000
  0.100000000000000E+001 -0.196273046334697E+004  0.165582253398495E+002  0.116948590158042E+001  0.354346908815251E+002  0.532413173714167E+001 -0.210310024441055E+001  0.983624756336212E-001  0.487449944019318E+000  0.782215297222137E+000
  0.100000000000000E+001 -0.196546902121824E+004  0.151412593755397E+002  0.116805736578648E+001  0.396689108702694E+002  0.468534377327343E+001 -0.208589111696036E+001  0.118696689605713E+000  0.530227959156036E+000  0.802455604076385E+000
  0.100000000000000E+001 -0.196257068250555E+004  0.198333389425065E+002  0.100817708223823E+001  0.358553297290075E+002  0.776995215791291E+001 -0.210871855438576E+001  0.961956083774567E-001  0.476122140884399E+000  0.762841165065765E+000
  0.100000000000000E+001 -0.196549105488074E+004  0.180586446201228E+002  0.105150170524558E+001  0.385474909774081E+002  0.777060692710601E+001 -0.207707121888811E+001  0.102404795587063E+000  0.504895031452179E+000  0.781078279018402E+000
  0.100000000000000E+001 -0.196011057263741E+004  0.177477236839198E+002  0.112833356056560E+001  0.336773899063137E+002  0.659807696459585E+001 -0.205432340928270E+001  0.102226898074150E+000  0.477736204862595E+000  0.772452652454376E+000
  0.100000000000000E+001 -0.196105667702662E+004  0.187188776051667E+002  0.112341704704530E+001  0.314512123722334E+002  0.122754319625552E+002 -0.207733629876866E+001  0.983565896749496E-001  0.457840442657471E+000  0.763062775135040E+000
  0.100000000000000E+001 -0.195984241414017E+004  0.191158853438882E+002  0.105760765837585E+001  0.349112638731320E+002  0.203084288461736E+002 -0.210822807058464E+001  0.964663326740265E-001  0.480786353349686E+000  0.771598458290100E+000
  0.100000000000000E+001 -0.195955303057286E+004  0.193017664300365E+002  0.100556470433004E+001  0.377739679312047E+002  0.731039373975791E+001 -0.208518013430414E+001  0.965312197804451E-001  0.488061785697937E+000  0.768508374691010E+000
  0.100000000000000E+001 -0.196060664220463E+004  0.155585267412253E+002  0.113517914486975E+001  0.435169729499507E+002  0.108146922278271E+002 -0.209664557977315E+001  0.104556798934937E+000  0.535782635211945E+000  0.806308567523956E+000
  0.100000000000000E+001 -0.196072727193708E+004  0.169969906015319E+002  0.110831546261395E+001  0.354714078053315E+002  0.995971647141644E+001 -0.213604679205487E+001  0.121650069952011E+000  0.516592025756836E+000  0.789367377758026E+000
  0.100000000000000E+001 -0.195913808551567E+004  0.171922415240391E+002  0.111333273333872E+001  0.385354067692955E+002  0.965942524769098E+001 -0.216080040308110E+001  0.947311669588089E-001  0.496346831321716E+000  0.785885155200958E+000
  0.100000000000000E+001 -0.196799989318704E+004  0.198730964393105E+002  0.103419220811449E+001  0.354017904927100E+002  0.561889720700391E+001 -0.209937236200728E+001  0.873164385557175E-001  0.459967702627182E+000  0.757486402988434E+000
  0.100000000000000E+001 -0.196800160985139E+004  0.191963718376890E+002  0.105108830124371E+001  0.357148923381062E+002  0.798645703790745E+001 -0.213080769529407E+001  0.916615203022957E-001  0.470332324504852E+000  0.764389395713806E+000
  0.100000000000000E+001 -0.196801725675093E+004  0.187370485177818E+002  0.108904617601456E+001  0.316472244658300E+002  0.491179170803483E+001 -0.212146395062916E+001  0.110575027763844E+000  0.472138583660126E+000  0.763054490089417E+000
  0.100000000000000E+001 -0.196806964722696E+004  0.160222978844844E+002  0.114496314780749E+001  0.398576171738059E+002  0.597930957815605E+001 -0.211933626352203E+001  0.102752417325974E+000  0.514047443866730E+000  0.795640885829926E+000
  0.100000000000000E+001 -0.196810037883106E+004  0.175123896733736E+002  0.107551715890011E+001  0.377479121174317E+002  0.725777834691759E+001 -0.212306944930919E+001  0.110248990356922E+000  0.510753452777863E+000  0.785359680652618E+000
  0.100000000000000E+001 -0.196810916963361E+004  0.189235025764976E+002  0.109996870297736E+001  0.314052291236059E+002  0.470948790648777E+001 -0.212703236398229E+001  0.102011606097221E+000  0.459424018859863E+000  0.758831560611725E+000
  0.100000000000000E+001 -0.196812981280739E+004  0.163813070089351E+002  0.112540993573989E+001  0.403189542537574E+002  0.673528983300910E+001 -0.212519955759574E+001  0.101063236594200E+000  0.513407051563263E+000  0.794485032558441E+000
  0.100000000000000E+001 -0.196813961905456E+004  0.177925958549540E+002  0.108529577973769E+001  0.356714384497041E+002  0.913531069082086E+001 -0.211001097846552E+001  0.109307348728180E+000  0.500997722148895E+000  0.780392408370972E+000
  0.100000000000000E+001 -0.196814787111903E+004  0.171617937989919E+002  0.113263037977905E+001  0.354114592143770E+002  0.592181942944064E+001 -0.209114809227110E+001  0.102139517664909E+000  0.491442620754242E+000  0.780670762062073E+000
  0.100000000000000E+001 -0.196827260372155E+004  0.196754940821836E+002  0.104927288534198E+001  0.346268941579904E+002  0.895625764126763E+001 -0.209413619658851E+001  0.907533392310143E-001  0.462321221828461E+000  0.760302424430847E+000
  0.100000000000000E+001 -0.196827902943554E+004  0.183020473408814E+002  0.109152323286762E+001  0.327958882556620E+002  0.521374124385548E+001 -0.212798970413818E+001  0.112493649125099E+000  0.483485698699951E+000  0.768674075603485E+000
  0.100000000000000E+001 -0.196831685070206E+004  0.171408536588211E+002  0.108119643285229E+001  0.376523067059847E+002  0.431290480160068E+001 -0.212243256049284E+001  0.118014335632324E+000  0.519782066345215E+000  0.788247406482697E+000
  0.100000000000000E+001 -0.196835433597435E+004  0.192060245652571E+002  0.106295224893942E+001  0.330201640423840E+002  0.597603361973662E+001 -0.208909413482444E+001  0.102768510580063E+000  0.470789551734924E+000  0.761974394321442E+000
  0.100000000000000E+001 -0.196837017472819E+004  0.176452798522668E+002  0.110234898070311E+001  0.356913728708615E+002  0.102698989117401E+002 -0.211363220705281E+001  0.104292899370193E+000  0.495766401290894E+000  0.780709385871887E+000
  0.100000000000000E+001 -0.196843151576170E+004  0.189721578129354E+002  0.107310606266068E+001  0.342139135511402E+002  0.690393650103176E+001 -0.213768992834393E+001  0.961452946066856E-001  0.467713057994843E+000  0.763626635074615E+000
  0.100000000000000E+001 -0.196845512344924E+004  0.154055892596209E+002  0.115230521195056E+001  0.407546639894541E+002  0.491771786044833E+001 -0.210030857985849E+001  0.113258346915245E+000  0.529978513717651E+000  0.801996290683746E+000
  0.100000000000000E+001 -0.196846946136045E+004  0.184376736344385E+002  0.109815298706788E+001  0.340749297102253E+002  0.884437676176465E+001 -0.212716949822923E+001  0.982989817857742E-001  0.472725242376328E+000  0.768133044242859E+000
  0.100000000000000E+001 -0.196847220193802E+004  0.186104183751337E+002  0.109002211585382E+001  0.340034036980992E+002  0.718350477180635E+001 -0.213564767323537E+001  0.981454253196716E-001  0.470780521631241E+000  0.765819489955902E+000
  0.100000000000000E+001 -0.196851883105687E+004  0.175621451202403E+002  0.107517131857555E+001  0.384509233883340E+002  0.686975254278453E+001 -0.212967536235189E+001  0.104606553912163E+000  0.507724583148956E+000  0.784538209438324E+000
  0.100000000000000E+001 -0.196852825365261E+004  0.191206214509837E+002  0.107030270374115E+001  0.345910469236904E+002  0.112279335799907E+002 -0.211430603980758E+001  0.921515524387360E-001  0.466624140739441E+000  0.765213787555695E+000
  0.100000000000000E+001 -0.196856795273863E+004  0.188446431209158E+002  0.105131541785233E+001  0.383501484099190E+002  0.516984126224709E+001 -0.210499376883312E+001  0.828031450510025E-001  0.474599063396454E+000  0.767836987972260E+000
  0.100000000000000E+001 -0.196867577775687E+004  0.196601775579339E+002  0.105992949472245E+001  0.322737213970252E+002  0.717680333540140E+001 -0.210415664191358E+001  0.102854967117310E+000  0.464448302984238E+000  0.758383214473724E+000
  0.100000000000000E+001 -0.196868189823218E+004  0.183542900868035E+002  0.108620905071146E+001  0.365867107692817E+002  0.113285224076591E+002 -0.210561515130599E+001  0.898459553718567E-001  0.477742701768875E+000  0.773094952106476E+000
  0.100000000000000E+001 -0.196869708942960E+004  0.191516461547428E+002  0.108355417074054E+001  0.332619266133078E+002  0.724037555853127E+001 -0.212407339902583E+001  0.936551690101624E-001  0.458678483963013E+000  0.760672628879547E+000
  0.100000000000000E+001 -0.196870062981423E+004  0.193502361383965E+002  0.108446273176489E+001  0.318521974683339E+002  0.863145000851179E+001 -0.210919664799893E+001  0.100878566503525E+000  0.460222184658051E+000  0.759302556514740E+000
  0.100000000000000E+001 -0.196870471141038E+004  0.175732952642847E+002  0.110131340585166E+001  0.382664956113793E+002  0.985508265900067E+001 -0.209787377744634E+001  0.918417945504189E-001  0.491185367107391E+000  0.782059609889984E+000
  0.100000000000000E+001 -0.196873482034696E+004  0.186217661206556E+002  0.108530964396697E+001  0.325712715330964E+002  0.512803922393739E+001 -0.209227159861804E+001  0.108993001282215E+000  0.476244390010834E+000  0.764859855175018E+000
  0.100000000000000E+001 -0.196876131157364E+004  0.190117255337427E+002  0.105135685133826E+001  0.344052464598703E+002  0.548620129913416E+001 -0.209170683850702E+001  0.103670224547386E+000  0.479116022586823E+000  0.764893174171448E+000
  0.100000000000000E+001 -0.196890356387724E+004  0.169641887282368E+002  0.111069386296324E+001  0.376787985403517E+002  0.761594490742560E+001 -0.208576789196392E+001  0.107172474265099E+000  0.508234322071075E+000  0.788452267646790E+000
  0.100000000000000E+001 -0.196891114190692E+004  0.171661908034813E+002  0.111257770151026E+001  0.380745917393376E+002  0.581868777827583E+001 -0.213704191868422E+001  0.967181175947189E-001  0.497096389532089E+000  0.784043252468109E+000
  0.100000000000000E+001 -0.196894606643976E+004  0.171377305356251E+002  0.110252381959795E+001  0.392887357399067E+002  0.516459512554134E+001 -0.213661763221848E+001  0.961852967739105E-001  0.502232909202576E+000  0.785889744758606E+000
  0.100000000000000E+001 -0.196897381511302E+004  0.163603724822670E+002  0.111207917591141E+001  0.391795305368565E+002  0.668567581234942E+001 -0.209720926265208E+001  0.117330729961395E+000  0.526212334632874E+000  0.796513736248016E+000
  0.100000000000000E+001 -0.196902258504908E+004  0.165308644660163E+002  0.112026904874060E+001  0.394871892248098E+002  0.471853124798614E+001 -0.207629869864712E+001  0.102870434522629E+000  0.512293219566345E+000  0.791868329048157E+000
  0.100000000000000E+001 -0.196904186507597E+004  0.170898322602318E+002  0.110318682767999E+001  0.398999489784938E+002  0.630187618368181E+001 -0.212629873155064E+001  0.947201102972031E-001  0.502738475799561E+000  0.787322580814362E+000
  0.100000000000000E+001 -0.196904534113445E+004  0.180259983879227E+002  0.111487265984030E+001  0.333009162426682E+002  0.578051359896714E+001 -0.209518169299615E+001  0.104214906692505E+000  0.476961046457291E+000  0.769702911376953E+000
  0.100000000000000E+001 -0.196907338748101E+004  0.180991998670066E+002  0.110361587007961E+001  0.335485744396885E+002  0.736976352639882E+001 -0.210314023007665E+001  0.106973700225353E+000  0.482713639736176E+000  0.771534502506256E+000
  0.100000000000000E+001 -0.196909874082244E+004  0.177085757808308E+002  0.109557721536274E+001  0.386579872960991E+002  0.837318813967276E+001 -0.210006760801992E+001  0.888071879744530E-001  0.488135993480682E+000  0.780096828937531E+000
  0.100000000000000E+001 -0.196910460892327E+004  0.182810734713809E+002  0.107350350469092E+001  0.352049739339733E+002  0.809944673186596E+001 -0.209557961604244E+001  0.106119081377983E+000  0.491374135017395E+000  0.774049758911133E+000
  0.100000000000000E+001 -0.196911335440884E+004  0.190915202584426E+002  0.104521000417126E+001  0.353532872533044E+002  0.443678591711579E+001 -0.212699712128229E+001  0.978157073259354E-001  0.476506799459457E+000  0.763825118541718E+000
  0.100000000000000E+001 -0.196915598874450E+004  0.186669018339268E+002  0.104885051963617E+001  0.386633447651880E+002  0.508338454716283E+001 -0.209807174826368E+001  0.856421366333961E-001  0.482451856136322E+000  0.770911991596222E+000
  0.100000000000000E+001 -0.196927322949303E+004  0.186211331152868E+002  0.105260258657389E+001  0.374105133415171E+002  0.851165978327700E+001 -0.210579931776113E+001  0.932013913989067E-001  0.486043363809586E+000  0.772623717784882E+000
  0.100000000000000E+001 -0.196938434464745E+004  0.182076533733076E+002  0.110232194506601E+001  0.359231293091136E+002  0.466111035012032E+001 -0.208834780458504E+001  0.889402478933334E-001  0.469062924385071E+000  0.768809974193573E+000
  0.100000000000000E+001 -0.196942611631004E+004  0.169332195976363E+002  0.109322322331159E+001  0.385868777220406E+002  0.690861539226825E+001 -0.211022087051087E+001  0.113428473472595E+000  0.519061267375946E+000  0.791235923767090E+000
  0.100000000000000E+001 -0.196943670325231E+004  0.187313154425087E+002  0.109767522541570E+001  0.327871485871001E+002  0.685635408858696E+001 -0.210038847827005E+001  0.995106101036072E-001  0.463894665241241E+000  0.763160288333893E+000
  0.100000000000000E+001 -0.196944925341969E+004  0.180550715145283E+002  0.110553372327971E+001  0.355049795687859E+002  0.695893526058125E+001 -0.208959942278163E+001  0.942108035087585E-001  0.476637035608292E+000  0.772102952003479E+000
  0.100000000000000E+001 -0.196950111220127E+004  0.158532084928951E+002  0.113759950682461E+001  0.392956512960724E+002  0.513142097691952E+001 -0.210256072233591E+001  0.116428509354591E+000  0.526583731174469E+000  0.798620879650116E+000
  0.100000000000000E+001 -0.196955910035346E+004  0.185904485836728E+002  0.106378816322100E+001  0.353831227320216E+002  0.489606364877785E+001 -0.213614184070445E+001  0.100949987769127E+000  0.483232647180557E+000  0.768779516220093E+000
  0.100000000000000E+001 -0.196956350365553E+004  0.179038116970198E+002  0.108069219599923E+001  0.378913767645913E+002  0.100043658064749E+002 -0.210381545751661E+001  0.951148942112923E-001  0.493656903505325E+000  0.780195772647858E+000
  0.100000000000000E+001 -0.196957648069587E+004  0.187013552297380E+002  0.106285553502402E+001  0.352855857015701E+002  0.570022462792796E+001 -0.213449012734335E+001  0.996811389923096E-001  0.480693429708481E+000  0.767761766910553E+000
  0.100000000000000E+001 -0.196959041354057E+004  0.164512935333770E+002  0.112950636739644E+001  0.398084605903194E+002  0.525128865085785E+001 -0.209345981962891E+001  0.984830930829048E-001  0.508335530757904E+000  0.792008161544800E+000
  0.100000000000000E+001 -0.196960953060967E+004  0.173430784458376E+002  0.109676519456683E+001  0.354458666800730E+002  0.468584719371119E+001 -0.210497756199315E+001  0.115495949983597E+000  0.507651090621948E+000  0.782660365104675E+000
  0.100000000000000E+001 -0.196974643546526E+004  0.188799444006626E+002  0.105254047304703E+001  0.363279924877691E+002  0.841941448926508E+001 -0.209944398362644E+001  0.942381918430328E-001  0.479598581790924E+000  0.768447101116180E+000
  0.100000000000000E+001 -0.196974955313886E+004  0.185996497679938E+002  0.105076493543061E+001  0.378266827092842E+002  0.558116196750627E+001 -0.208830986162911E+001  0.914102643728256E-001  0.485450446605682E+000  0.771715223789215E+000
  0.100000000000000E+001 -0.196976347519760E+004  0.160547089666053E+002  0.112183047603419E+001  0.389436514178110E+002  0.447858457206994E+001 -0.210094946059522E+001  0.121644377708435E+000  0.530490159988403E+000  0.797978579998016E+000
  0.100000000000000E+001 -0.196986787494101E+004  0.177491137872153E+002  0.106887255799771E+001  0.374702340284595E+002  0.488155552294033E+001 -0.212309540697705E+001  0.106801316142082E+000  0.505690276622772E+000  0.781291067600250E+000
  0.100000000000000E+001 -0.196994782869342E+004  0.187413702658362E+002  0.108864882484339E+001  0.349665316388012E+002  0.625158044737898E+001 -0.211462835405447E+001  0.896293818950653E-001  0.462260425090790E+000  0.763595700263977E+000
  0.100000000000000E+001 -0.196995364688151E+004  0.165622339148990E+002  0.112411131277308E+001  0.377413110087164E+002  0.526496049750159E+001 -0.209178938185331E+001  0.110055342316628E+000  0.512318551540375E+000  0.790831148624420E+000
  0.100000000000000E+001 -0.197000116446938E+004  0.164160161515221E+002  0.111687856113913E+001  0.381202441884793E+002  0.490333002614960E+001 -0.212033486521573E+001  0.117461204528809E+000  0.522034585475922E+000  0.793793976306915E+000
  0.100000000000000E+001 -0.197005073429456E+004  0.183275014899116E+002  0.107452202653429E+001  0.355672792556997E+002  0.435308135042739E+001 -0.207728912592096E+001  0.100650295615196E+000  0.484919220209122E+000  0.770866096019745E+000
  0.100000000000000E+001 -0.197005746898099E+004  0.164229170927823E+002  0.113124876423891E+001  0.391899179721658E+002  0.523676734032257E+001 -0.212022397803942E+001  0.101729102432728E+000  0.509564042091370E+000  0.792023479938507E+000
  0.100000000000000E+001 -0.197014413201733E+004  0.191368976441069E+002  0.107928735666445E+001  0.321525395753822E+002  0.490658695685260E+001 -0.211696460933817E+001  0.102231346070766E+000  0.464282691478729E+000  0.759794056415558E+000
  0.100000000000000E+001 -0.197014874456828E+004  0.180996056748754E+002  0.109175765541815E+001  0.356693726839677E+002  0.458277753281053E+001 -0.213918680775862E+001  0.973780825734138E-001  0.481886029243469E+000  0.771898448467255E+000
  0.100000000000000E+001 -0.197017603518614E+004  0.183420720579801E+002  0.109812393845978E+001  0.341482648221713E+002  0.697037400184756E+001 -0.210001190054982E+001  0.995598509907722E-001  0.474990427494049E+000  0.768555223941803E+000
  0.100000000000000E+001 -0.197020663091791E+004  0.170435645162978E+002  0.109605630299232E+001  0.373537626038475E+002  0.525257760405210E+001 -0.211719335241189E+001  0.114175923168659E+000  0.514304220676422E+000  0.787959337234497E+000
  0.100000000000000E+001 -0.197020928298902E+004  0.164081585719730E+002  0.112144872695373E+001  0.385712719136293E+002  0.553655746514928E+001 -0.209500351334930E+001  0.112256541848183E+000  0.518549799919128E+000  0.793694376945496E+000
  0.100000000000000E+001 -0.197021765956981E+004  0.162164906338334E+002  0.111412631028502E+001  0.404647319633622E+002  0.467641465351425E+001 -0.212195993158211E+001  0.111678570508957E+000  0.526709318161011E+000  0.797268271446228E+000
  0.100000000000000E+001 -0.197031507722512E+004  0.191019367485602E+002  0.106971753287542E+001  0.346291505245727E+002  0.787176752243080E+001 -0.211694517644196E+001  0.924279540777206E-001  0.464486598968506E+000  0.763215482234955E+000
  0.100000000000000E+001 -0.197035524789457E+004  0.167929108265972E+002  0.110498201919433E+001  0.389905902791310E+002  0.593652404660071E+001 -0.208884247149633E+001  0.107522100210190E+000  0.514754652976990E+000  0.790985703468323E+000
  0.100000000000000E+001 -0.197035709011634E+004  0.176148991231173E+002  0.107216757578962E+001  0.389787000268968E+002  0.625271901639765E+001 -0.211309654612632E+001  0.101360410451889E+000  0.506613135337830E+000  0.783997237682343E+000
  0.100000000000000E+001 -0.197036051705148E+004  0.187355354239912E+002  0.108078675291908E+001  0.361016377944551E+002  0.492650431868633E+001 -0.210668526655974E+001  0.859025940299034E-001  0.463312983512878E+000  0.764275968074799E+000
  0.100000000000000E+001 -0.197039324817859E+004  0.182985047361402E+002  0.108447531669154E+001  0.341399815316545E+002  0.480440941473568E+001 -0.212734834498026E+001  0.106462486088276E+000  0.483970195055008E+000  0.769782483577728E+000
  0.100000000000000E+001 -0.197039458730271E+004  0.166034193995324E+002  0.112970193778324E+001  0.388562034327630E+002  0.489136709652017E+001 -0.211180309994644E+001  0.988083258271217E-001  0.504345059394836E+000  0.789354860782623E+000
  0.100000000000000E+001 -0.197049597007629E+004  0.176053642322428E+002  0.107660994976867E+001  0.398107413153139E+002  0.490374697469161E+001 -0.209056798121496E+001  0.939546376466751E-001  0.501633405685425E+000  0.782848119735718E+000
  0.100000000000000E+001 -0.197054076034965E+004  0.164364506261913E+002  0.111359060190448E+001  0.400028733111529E+002  0.469423012010286E+001 -0.212735118298915E+001  0.107116140425205E+000  0.519455730915070E+000  0.794227719306946E+000
  0.100000000000000E+001 -0.197055458355561E+004  0.180127123115346E+002  0.107793867122412E+001  0.370541626378910E+002  0.693348167453092E+001 -0.212708173493943E+001  0.977416038513184E-001  0.492342829704285E+000  0.777135372161865E+000
  0.100000000000000E+001 -0.197056264204974E+004  0.181462522429088E+002  0.107344330261989E+001  0.364496664935986E+002  0.515719070239194E+001 -0.213405702216322E+001  0.999526232481003E-001  0.490547418594360E+000  0.774509251117706E+000
  0.100000000000000E+001 -0.197059212512474E+004  0.183742172646290E+002  0.108100850921902E+001  0.349708524560486E+002  0.550638948481645E+001 -0.213200182266634E+001  0.100845627486706E+000  0.481619596481323E+000  0.769811928272247E+000
  0.100000000000000E+001 -0.197059578488462E+004  0.169332650087652E+002  0.109342123569694E+001  0.392027524321318E+002  0.568668249372801E+001 -0.209330825907350E+001  0.108743235468864E+000  0.516936719417572E+000  0.790581107139587E+000
  0.100000000000000E+001 -0.197062931666833E+004  0.172352908963252E+002  0.109547320206868E+001  0.371334848207198E+002  0.625821718652615E+001 -0.211240504417427E+001  0.110182419419289E+000  0.508980393409729E+000  0.785851657390594E+000
  0.100000000000000E+001 -0.197063340165176E+004  0.167819039526002E+002  0.111306222080761E+001  0.382481541609709E+002  0.566886964921041E+001 -0.212589848692030E+001  0.107057660818100E+000  0.510960280895233E+000  0.789615511894226E+000
  0.100000000000000E+001 -0.197074120204523E+004  0.160603850896711E+002  0.113040087902390E+001  0.398542695481158E+002  0.465333178959011E+001 -0.211685567451480E+001  0.110045142471790E+000  0.522295951843262E+000  0.796873986721039E+000
  0.100000000000000E+001 -0.197079390927560E+004  0.183931427603068E+002  0.107677215329695E+001  0.366215638020310E+002  0.866440183904344E+001 -0.211028658455167E+001  0.926208198070526E-001  0.481056362390518E+000  0.772442698478699E+000
  0.100000000000000E+001 -0.197081511712488E+004  0.180505337371688E+002  0.108850538101548E+001  0.357869095723207E+002  0.510429191592198E+001 -0.213490749373785E+001  0.994104743003845E-001  0.486005812883377E+000  0.773500740528107E+000
  0.100000000000000E+001 -0.197081587417482E+004  0.185496565115989E+002  0.108373993704185E+001  0.338136041959114E+002  0.613402371458290E+001 -0.210910235775529E+001  0.103326365351677E+000  0.477180063724518E+000  0.766927301883698E+000
  0.100000000000000E+001 -0.197083280209035E+004  0.185506355415686E+002  0.108386174562644E+001  0.350838303224146E+002  0.556802606246380E+001 -0.208841855958831E+001  0.948406159877777E-001  0.472654402256012E+000  0.766766011714935E+000
  0.100000000000000E+001 -0.197085021503103E+004  0.190384009088349E+002  0.107081094147679E+001  0.333666214787994E+002  0.463241833578509E+001 -0.210591408421999E+001  0.100128546357155E+000  0.467399895191193E+000  0.761593461036682E+000
  0.100000000000000E+001 -0.197092352836166E+004  0.184879095661650E+002  0.105548648423704E+001  0.364388579960301E+002  0.536496283446794E+001 -0.210546429158826E+001  0.100560829043388E+000  0.489915192127228E+000  0.772160589694977E+000
  0.100000000000000E+001 -0.197093830798051E+004  0.173615580775315E+002  0.108843282102787E+001  0.396124937657141E+002  0.477236889297826E+001 -0.212087880247714E+001  0.954757928848267E-001  0.502719759941101E+000  0.784547984600067E+000
  0.100000000000000E+001 -0.197094126016290E+004  0.173228476850115E+002  0.110118064936929E+001  0.392110604904284E+002  0.446553869953319E+001 -0.211827462778567E+001  0.916962698101997E-001  0.495969742536545E+000  0.782868444919586E+000
  0.100000000000000E+001 -0.197097604377848E+004  0.181359281166698E+002  0.106848919739806E+001  0.384779889612564E+002  0.485003936092949E+001 -0.208988140558588E+001  0.900193601846695E-001  0.489426702260971E+000  0.775750100612640E+000
  0.100000000000000E+001 -0.197102520794453E+004  0.184852953755428E+002  0.106056441212296E+001  0.357714196260851E+002  0.496912958417742E+001 -0.209568548586166E+001  0.102544501423836E+000  0.488243669271469E+000  0.771005868911743E+000
  0.100000000000000E+001 -0.197106485620274E+004  0.186846933922795E+002  0.106708781994845E+001  0.344700933554435E+002  0.549542559823946E+001 -0.210924430902895E+001  0.103506505489349E+000  0.480714827775955E+000  0.767067611217499E+000
  0.100000000000000E+001 -0.197107116951660E+004  0.166117654061363E+002  0.110698529920843E+001  0.382682761209644E+002  0.428915322706670E+001 -0.210366693248212E+001  0.115789808332920E+000  0.520935118198395E+000  0.792186439037323E+000
  0.100000000000000E+001 -0.197111285883631E+004  0.190885288815405E+002  0.106054889449051E+001  0.357224085462219E+002  0.614935331071019E+001 -0.210504948235145E+001  0.894654095172882E-001  0.466617256402969E+000  0.763006925582886E+000
  0.100000000000000E+001 -0.197113863691969E+004  0.173298299119673E+002  0.109245360687421E+001  0.368553824764356E+002  0.538118590904598E+001 -0.210779138508683E+001  0.109999395906925E+000  0.507491230964661E+000  0.784231662750244E+000
  0.100000000000000E+001 -0.197114758732901E+004  0.170705989091872E+002  0.110694529694507E+001  0.393273695664912E+002  0.442033774446986E+001 -0.212125170998835E+001  0.950726717710495E-001  0.501273393630981E+000  0.785759091377258E+000
  0.100000000000000E+001 -0.197117872800509E+004  0.174928613426367E+002  0.109773533382475E+001  0.378543218299734E+002  0.755650622178512E+001 -0.211021850817583E+001  0.974936783313751E-001  0.496625036001205E+000  0.782482206821442E+000
  0.100000000000000E+001 -0.197120979035094E+004  0.175872448500191E+002  0.109949690197511E+001  0.354921722445717E+002  0.525952811921127E+001 -0.212026349673144E+001  0.107570245862007E+000  0.497052460908890E+000  0.778943717479706E+000
  0.100000000000000E+001 -0.197125508693106E+004  0.179759963056958E+002  0.108151839526333E+001  0.371204216584861E+002  0.777715275852308E+001 -0.211227477303271E+001  0.966705828905106E-001  0.491584777832031E+000  0.777632832527161E+000
  0.100000000000000E+001 -0.197127704739522E+004  0.176352831522350E+002  0.109373668869413E+001  0.380222561070006E+002  0.564363919831390E+001 -0.212348007756892E+001  0.937319844961166E-001  0.492400944232941E+000  0.779809474945068E+000
  0.100000000000000E+001 -0.197128980436039E+004  0.165955457352797E+002  0.112249040161497E+001  0.388377563016388E+002  0.513681537490392E+001 -0.210204340848423E+001  0.103496491909027E+000  0.509880483150482E+000  0.790705919265747E+000
  0.100000000000000E+001 -0.197138805179599E+004  0.175274427923233E+002  0.108820934976744E+001  0.388367089969870E+002  0.487001186477080E+001 -0.208848632613296E+001  0.950082093477249E-001  0.498347610235214E+000  0.781986773014069E+000
  0.100000000000000E+001 -0.197139314682883E+004  0.173205114694390E+002  0.110943469134327E+001  0.366406310849450E+002  0.611005230277059E+001 -0.209882313208615E+001  0.101794928312302E+000  0.497696399688721E+000  0.782205641269684E+000
  0.100000000000000E+001 -0.197145484744888E+004  0.170270009430747E+002  0.112270832827986E+001  0.370630762419383E+002  0.446398235981283E+001 -0.211727072060516E+001  0.996326208114624E-001  0.496877372264862E+000  0.783511281013489E+000
  0.100000000000000E+001 -0.197147998590349E+004  0.176708848428797E+002  0.108277926909171E+001  0.374830815998888E+002  0.666418512878756E+001 -0.210887259898933E+001  0.102046430110931E+000  0.500439941883087E+000  0.781500279903412E+000
  0.100000000000000E+001 -0.197152076623731E+004  0.177802817653702E+002  0.108713659236037E+001  0.367884709674724E+002  0.539089605972752E+001 -0.212868398111609E+001  0.100006468594074E+000  0.494355738162994E+000  0.778200805187225E+000
  0.100000000000000E+001 -0.197154624721016E+004  0.167979211023167E+002  0.110327691955478E+001  0.388166468082725E+002  0.515286979098597E+001 -0.210069244417212E+001  0.108932323753834E+000  0.515746533870697E+000  0.790667235851288E+000
  0.100000000000000E+001 -0.197154785717643E+004  0.181767993408687E+002  0.107121588049151E+001  0.383397939654920E+002  0.454905997288156E+001 -0.210065786617001E+001  0.882793664932251E-001  0.486086905002594E+000  0.774507164955139E+000
  0.100000000000000E+001 -0.197158500012640E+004  0.181050821000313E+002  0.109516868224117E+001  0.343026002254271E+002  0.430206114710872E+001 -0.210273214713606E+001  0.104583516716957E+000  0.483177423477173E+000  0.770803987979889E+000
  0.100000000000000E+001 -0.197159202308753E+004  0.167192078550109E+002  0.112196773960025E+001  0.381297311923996E+002  0.438132771584499E+001 -0.210030094250610E+001  0.103479385375977E+000  0.506712257862091E+000  0.788383960723877E+000
  0.100000000000000E+001 -0.197167783397473E+004  0.169246851531485E+002  0.110013637114665E+001  0.385851398286164E+002  0.501542532911192E+001 -0.211692209776650E+001  0.108031779527664E+000  0.513545036315918E+000  0.789162456989288E+000
  0.100000000000000E+001 -0.197169041898200E+004  0.174943981254511E+002  0.108991246609978E+001  0.371782982835403E+002  0.523484071877891E+001 -0.209414009443808E+001  0.104242905974388E+000  0.501938104629517E+000  0.782085776329041E+000
  0.100000000000000E+001 -0.197176301277597E+004  0.188731509132380E+002  0.105511209870870E+001  0.360829231692871E+002  0.470736549095102E+001 -0.210093056868690E+001  0.938214436173439E-001  0.476192176342010E+000  0.765898287296295E+000
  0.100000000000000E+001 -0.197178874184674E+004  0.187490950619847E+002  0.107087724126564E+001  0.352557016464441E+002  0.625319369462728E+001 -0.210085408347103E+001  0.953634008765221E-001  0.474138736724854E+000  0.766208589076996E+000
  0.100000000000000E+001 -0.197195573975491E+004  0.185603680494925E+002  0.105958840278962E+001  0.362130406117561E+002  0.486026652049477E+001 -0.210105277332198E+001  0.981070250272751E-001  0.484686374664307E+000  0.770080864429474E+000
  0.100000000000000E+001 -0.197199054394916E+004  0.174628644741705E+002  0.110080798563002E+001  0.366475898606105E+002  0.597927186042549E+001 -0.211468003073586E+001  0.102306008338928E+000  0.498081386089325E+000  0.781309008598328E+000
  0.100000000000000E+001 -0.197203115330305E+004  0.178502787515158E+002  0.107171371033713E+001  0.383172521126054E+002  0.468782499715269E+001 -0.211086433489220E+001  0.970668345689774E-001  0.498291254043579E+000  0.779426515102386E+000
  0.100000000000000E+001 -0.197203594329313E+004  0.171123791123338E+002  0.110219526067076E+001  0.393309710796388E+002  0.465004734844724E+001 -0.210509946461027E+001  0.965375527739525E-001  0.503117501735687E+000  0.786014139652252E+000
  0.100000000000000E+001 -0.197205580949793E+004  0.182729273401644E+002  0.108004777007778E+001  0.361803575276610E+002  0.673509894626357E+001 -0.210158290410771E+001  0.963522046804428E-001  0.483586341142654E+000  0.772601902484894E+000
  0.100000000000000E+001 -0.197209454214032E+004  0.167914073912733E+002  0.111170349616008E+001  0.381304464310222E+002  0.430346264298466E+001 -0.210336531443772E+001  0.107369661331177E+000  0.511054098606110E+000  0.788838565349579E+000
  0.100000000000000E+001 -0.197218005947333E+004  0.179683099808498E+002  0.107725148018796E+001  0.380269752811054E+002  0.469356209215074E+001 -0.211505633328862E+001  0.923710763454437E-001  0.490524649620056E+000  0.776744663715363E+000
  0.100000000000000E+001 -0.197229551650737E+004  0.174137906690988E+002  0.110254454769401E+001  0.369622913699654E+002  0.518590881505359E+001 -0.211759838256129E+001  0.100545451045036E+000  0.497059881687164E+000  0.781264245510101E+000
  0.100000000000000E+001 -0.197241569041542E+004  0.184600904810440E+002  0.107292847321004E+001  0.354237425732523E+002  0.506224580019839E+001 -0.210509293183288E+001  0.994582176208496E-001  0.482059031724930E+000  0.769505083560944E+000
  0.100000000000000E+001 -0.197248365623233E+004  0.178871973104283E+002  0.110082512642624E+001  0.356169735706323E+002  0.446320901821031E+001 -0.210850119851607E+001  0.983813107013702E-001  0.483857154846191E+000  0.773660719394684E+000
  0.100000000000000E+001 -0.197260164263974E+004  0.174468523596601E+002  0.109326286681027E+001  0.384881589480285E+002  0.451527735341138E+001 -0.210639763622399E+001  0.961662530899048E-001  0.498380243778229E+000  0.782119393348694E+000
  0.100000000000000E+001 -0.197262089033111E+004  0.176489190724888E+002  0.108087148800563E+001  0.380363954259729E+002  0.439108894078370E+001 -0.211349985267864E+001  0.993502736091614E-001  0.500026404857635E+000  0.780825793743134E+000
