  0.100000000000000E+001 -0.198144940758237E+004  0.292032132009330E+002  0.576854756092234E+000  0.216957401452831E+002  0.820124464656180E+002 -0.211486703351714E+001  0.644574344158173E+000  0.812162637710571E+000  0.902447342872620E+000
  0.100000000000000E+001 -0.198142070816225E+004  0.222704770342738E+002  0.788744410074659E+000  0.211294082226337E+002  0.922277590042067E+002 -0.208926415398130E+001  0.649084329605103E+000  0.833401381969452E+000  0.920135080814362E+000
  0.100000000000000E+001 -0.198138846946248E+004  0.225571233548396E+002  0.719489109174212E+000  0.232107250980978E+002  0.818488941362868E+002 -0.212857892123392E+001  0.624051988124847E+000  0.816430628299713E+000  0.908611238002777E+000
  0.100000000000000E+001 -0.198138299321339E+004  0.210663632126419E+002  0.751576572743718E+000  0.207969948531674E+002  0.758219257174961E+002 -0.211676582044409E+001  0.604997098445892E+000  0.800709307193756E+000  0.899926900863647E+000
  0.100000000000000E+001 -0.197470006211297E+004  0.313040993239288E+002  0.699751604081976E+000  0.173654370344871E+002  0.959285159662500E+002 -0.208360331989540E+001  0.667945206165314E+000  0.825378298759460E+000  0.909841716289520E+000
  0.100000000000000E+001 -0.198133165099241E+004  0.195254905139755E+002  0.806490319776845E+000  0.221045751292650E+002  0.794565512358125E+002 -0.209289436296529E+001  0.599490642547607E+000  0.806769192218781E+000  0.904744446277618E+000
  0.100000000000000E+001 -0.198130317044625E+004  0.228572186288579E+002  0.784039119941274E+000  0.192638074330211E+002  0.876198615801182E+002 -0.210275180949141E+001  0.642691195011139E+000  0.818084001541138E+000  0.910985291004181E+000
  0.100000000000000E+001 -0.198126300397495E+004  0.293854737686927E+002  0.678978851216334E+000  0.193672449194640E+002  0.913889324031590E+002 -0.209975390195064E+001  0.652520060539246E+000  0.817614734172821E+000  0.907148122787476E+000
  0.100000000000000E+001 -0.197453674338225E+004  0.139404521942062E+002  0.907180462038924E+000  0.232324592700677E+002  0.816913716839383E+002 -0.209546937381979E+001  0.652330636978149E+000  0.836370527744293E+000  0.919874131679535E+000
  0.100000000000000E+001 -0.198123472659739E+004  0.216346151208110E+002  0.797707176280476E+000  0.209165759785170E+002  0.934315431862515E+002 -0.210285995502860E+001  0.660857975482941E+000  0.839595615863800E+000  0.923454105854034E+000
  0.100000000000000E+001 -0.198117580560612E+004  0.257368033515461E+002  0.639514979650913E+000  0.213663149778513E+002  0.832356852738776E+002 -0.211324798695949E+001  0.656203329563141E+000  0.821542799472809E+000  0.909709930419922E+000
  0.100000000000000E+001 -0.198115840955975E+004  0.169608968726977E+002  0.831490869890937E+000  0.219885773346496E+002  0.727629708951415E+002 -0.210788511449725E+001  0.600226104259491E+000  0.798522233963013E+000  0.899654209613800E+000
  0.100000000000000E+001 -0.198110784048052E+004  0.321798353514394E+002  0.625106263129088E+000  0.191994016916344E+002  0.934600043009079E+002 -0.214516222946175E+001  0.668186366558075E+000  0.823883354663849E+000  0.910281121730804E+000
  0.100000000000000E+001 -0.198110671026987E+004  0.215715641489703E+002  0.700281499979542E+000  0.231498064459377E+002  0.747570119808049E+002 -0.212186448916684E+001  0.612464487552643E+000  0.807433068752289E+000  0.901665329933167E+000
  0.100000000000000E+001 -0.198110130388053E+004  0.337426393828347E+002  0.550222265534966E+000  0.197815163975014E+002  0.903944821193469E+002 -0.210600582117639E+001  0.668469607830048E+000  0.822631120681763E+000  0.909012854099274E+000
  0.100000000000000E+001 -0.198098054172485E+004  0.221889828418302E+002  0.763600300103786E+000  0.221611328779685E+002  0.844384867588996E+002 -0.209729407217042E+001  0.616684615612030E+000  0.814442932605743E+000  0.909470736980438E+000
  0.100000000000000E+001 -0.197445492296884E+004  0.209081133225785E+002  0.711255275573958E+000  0.215920467643109E+002  0.771847619751551E+002 -0.212292169997754E+001  0.641538977622986E+000  0.819089353084564E+000  0.907554090023041E+000
  0.100000000000000E+001 -0.198095399917100E+004  0.197502423886631E+002  0.890713077228384E+000  0.194143537986013E+002  0.912932142369039E+002 -0.211769977183189E+001  0.623993754386902E+000  0.821940124034882E+000  0.915247023105621E+000
  0.100000000000000E+001 -0.198091027738142E+004  0.224187058944914E+002  0.820919549873710E+000  0.192543436423687E+002  0.879439052621074E+002 -0.214129969724396E+001  0.623593628406525E+000  0.811224639415741E+000  0.908499419689178E+000
  0.100000000000000E+001 -0.196911577667548E+004  0.265740705506020E+002  0.599188328891566E+000  0.255182247272093E+002  0.832371078283913E+002 -0.213870984508121E+001  0.650763154029846E+000  0.826020896434784E+000  0.910395860671997E+000
  0.100000000000000E+001 -0.198088730279560E+004  0.314001365178160E+002  0.556614323896628E+000  0.220181332063294E+002  0.943671395027847E+002 -0.212625840548873E+001  0.694104492664337E+000  0.845150828361511E+000  0.920481801033020E+000
  0.100000000000000E+001 -0.197437581612268E+004  0.152333889280712E+002  0.858601856015711E+000  0.230821420078293E+002  0.835599529574161E+002 -0.210935637586838E+001  0.665487706661224E+000  0.841700971126556E+000  0.922465384006500E+000
  0.100000000000000E+001 -0.197436060101028E+004  0.243728879854438E+002  0.682010539989830E+000  0.241881540733541E+002  0.929492666904545E+002 -0.214017931106156E+001  0.682796061038971E+000  0.848269522190094E+000  0.926345646381378E+000
  0.100000000000000E+001 -0.198084738058716E+004  0.172323213091231E+002  0.918727308804462E+000  0.199599935919351E+002  0.867819961074166E+002 -0.214780080239636E+001  0.615238249301910E+000  0.816693603992462E+000  0.912316083908081E+000
  0.100000000000000E+001 -0.198084631094089E+004  0.277749125982625E+002  0.604572349160577E+000  0.224251019275875E+002  0.882032304481722E+002 -0.213640278588730E+001  0.673179447650909E+000  0.833719015121460E+000  0.915227532386780E+000
  0.100000000000000E+001 -0.198083911491696E+004  0.290953995441736E+002  0.631907339682228E+000  0.199122173843516E+002  0.837633312694538E+002 -0.211833087685038E+001  0.637701094150543E+000  0.805591464042664E+000  0.899847030639648E+000
  0.100000000000000E+001 -0.198082651571429E+004  0.211137949997020E+002  0.792816933212930E+000  0.208025246030248E+002  0.909903134318343E+002 -0.211994865338198E+001  0.658932268619537E+000  0.837718427181244E+000  0.921645700931549E+000
  0.100000000000000E+001 -0.198081931371870E+004  0.174237974190472E+002  0.878820301529352E+000  0.198468342953914E+002  0.785404769255764E+002 -0.208895337342024E+001  0.606055080890656E+000  0.802107810974121E+000  0.902177095413208E+000
  0.100000000000000E+001 -0.198078830752205E+004  0.167870758227571E+002  0.900993966471734E+000  0.197671164220321E+002  0.786971739973323E+002 -0.212549248809485E+001  0.604925274848938E+000  0.800583720207214E+000  0.901968479156494E+000
  0.100000000000000E+001 -0.198077253590175E+004  0.206681647347222E+002  0.852893448323484E+000  0.186507113126903E+002  0.886746015411864E+002 -0.211254433036288E+001  0.635043084621429E+000  0.821386873722076E+000  0.912448823451996E+000
  0.100000000000000E+001 -0.198075660524759E+004  0.248473844680053E+002  0.690073595830224E+000  0.221858823928157E+002  0.831854035145510E+002 -0.214891009666312E+001  0.631073296070099E+000  0.811221659183502E+000  0.906558454036713E+000
  0.100000000000000E+001 -0.198057978322668E+004  0.280825036413549E+002  0.590402848398793E+000  0.216191533778196E+002  0.827483657147276E+002 -0.208350867358962E+001  0.653646647930145E+000  0.818175494670868E+000  0.906172692775726E+000
  0.100000000000000E+001 -0.198055460101323E+004  0.316853085854686E+002  0.618152504707548E+000  0.207603038473581E+002  0.948470398538887E+002 -0.212641848519995E+001  0.665640890598297E+000  0.829221129417419E+000  0.914184212684631E+000
  0.100000000000000E+001 -0.198054539503989E+004  0.262441884009682E+002  0.672731647070119E+000  0.204420543319183E+002  0.874347841461179E+002 -0.208366483883321E+001  0.660222232341766E+000  0.822927296161652E+000  0.911743104457855E+000
  0.100000000000000E+001 -0.198052285470565E+004  0.226893194301742E+002  0.775308665522474E+000  0.220740652525136E+002  0.947268230626458E+002 -0.214126782400381E+001  0.660433530807495E+000  0.840059161186218E+000  0.924529731273651E+000
  0.100000000000000E+001 -0.197889978991280E+004  0.381802607408356E+002  0.524906284320753E+000  0.183190444701002E+002  0.985015059701208E+002 -0.212558084683618E+001  0.700596749782562E+000  0.836543977260590E+000  0.917231380939484E+000
  0.100000000000000E+001 -0.198051288514759E+004  0.189869253375907E+002  0.872257183627785E+000  0.213132176247789E+002  0.925054270907294E+002 -0.211902994189971E+001  0.637825131416321E+000  0.834227621555328E+000  0.921628236770630E+000
  0.100000000000000E+001 -0.198047657875928E+004  0.299390909727257E+002  0.654570609007530E+000  0.201932318119087E+002  0.906384156984807E+002 -0.213080754289271E+001  0.648070991039276E+000  0.816109597682953E+000  0.906869709491730E+000
  0.100000000000000E+001 -0.197354140988350E+004  0.107680486841374E+002  0.100668659951721E+001  0.215278012920293E+002  0.752783875218397E+002 -0.210105488361461E+001  0.657392680644989E+000  0.830755770206451E+000  0.914521515369415E+000
  0.100000000000000E+001 -0.197043699903668E+004  0.112326920769582E+002  0.990283003503731E+000  0.218851522523373E+002  0.857272383693310E+002 -0.209640529981692E+001  0.686158418655396E+000  0.850734412670135E+000  0.930386841297150E+000
  0.100000000000000E+001 -0.198047149740508E+004  0.285055512703772E+002  0.568826083253450E+000  0.218705475928062E+002  0.799201722722942E+002 -0.210574656626763E+001  0.644232094287872E+000  0.811797797679901E+000  0.901207506656647E+000
  0.100000000000000E+001 -0.198044478062848E+004  0.163057231855899E+002  0.896478088934066E+000  0.196141374197699E+002  0.791194832847153E+002 -0.211704508828751E+001  0.621368646621704E+000  0.808681547641754E+000  0.905021607875824E+000
  0.100000000000000E+001 -0.198037325365714E+004  0.282853427284898E+002  0.639712773907756E+000  0.205453224764257E+002  0.855795516342919E+002 -0.215092486554006E+001  0.644954860210419E+000  0.813278555870056E+000  0.904947698116302E+000
  0.100000000000000E+001 -0.198036217655500E+004  0.220270452921372E+002  0.731419646885540E+000  0.219276433612528E+002  0.877324515281821E+002 -0.210727077317043E+001  0.662950694561005E+000  0.836444139480591E+000  0.920063912868500E+000
  0.100000000000000E+001 -0.198027534357800E+004  0.304785044554203E+002  0.582485184002040E+000  0.217868776118701E+002  0.926313234742991E+002 -0.215209826248760E+001  0.681676864624023E+000  0.838546574115753E+000  0.917191922664642E+000
  0.100000000000000E+001 -0.198027298955163E+004  0.265272391591278E+002  0.706229872689892E+000  0.204080007192209E+002  0.852989744788239E+002 -0.211976229129202E+001  0.623367309570312E+000  0.804097354412079E+000  0.902863323688507E+000
  0.100000000000000E+001 -0.197342702357494E+004  0.192949489153297E+002  0.808009449506512E+000  0.198056461999673E+002  0.825134858199481E+002 -0.211546480375930E+001  0.643147051334381E+000  0.822795808315277E+000  0.911439597606659E+000
  0.100000000000000E+001 -0.198026173929882E+004  0.162102738917774E+002  0.898629098557572E+000  0.196863092780718E+002  0.789990659130661E+002 -0.209129231287592E+001  0.621133387088776E+000  0.808261692523956E+000  0.904876053333282E+000
  0.100000000000000E+001 -0.197334948144838E+004  0.175043761742096E+002  0.892673994226689E+000  0.210984609400308E+002  0.861242472030278E+002 -0.206091068050636E+001  0.613840460777283E+000  0.820075750350952E+000  0.913070857524872E+000
  0.100000000000000E+001 -0.198025900649467E+004  0.147484209351992E+002  0.907675454585156E+000  0.213111248524297E+002  0.815591686354026E+002 -0.208636225805868E+001  0.644787490367889E+000  0.829093158245087E+000  0.915176749229431E+000
  0.100000000000000E+001 -0.198024103093394E+004  0.251754782506226E+002  0.702261171308429E+000  0.219284918082030E+002  0.916653352437888E+002 -0.208154071951096E+001  0.664734005928040E+000  0.832891285419464E+000  0.919295310974121E+000
  0.100000000000000E+001 -0.198018356194249E+004  0.243502366193185E+002  0.732697511391255E+000  0.207656079749676E+002  0.893943021557251E+002 -0.216311719370848E+001  0.650756895542145E+000  0.824820637702942E+000  0.914853513240814E+000
  0.100000000000000E+001 -0.198016300919368E+004  0.167139434885465E+002  0.908698328416192E+000  0.196924449218582E+002  0.849193245098499E+002 -0.207939694364827E+001  0.626832485198975E+000  0.819924890995026E+000  0.912209331989288E+000
  0.100000000000000E+001 -0.198014789225528E+004  0.273727343793613E+002  0.643594435829778E+000  0.224274925946978E+002  0.864630089302641E+002 -0.213821190927811E+001  0.645592808723450E+000  0.818325340747833E+000  0.908864915370941E+000
  0.100000000000000E+001 -0.198014607895823E+004  0.159324668288876E+002  0.874996950204079E+000  0.210924900409087E+002  0.814984070118732E+002 -0.213456092914727E+001  0.638283073902130E+000  0.825634896755219E+000  0.912952482700348E+000
  0.100000000000000E+001 -0.198013652708415E+004  0.283516042504907E+002  0.563367515422890E+000  0.222479464265166E+002  0.805413747207299E+002 -0.211971395014297E+001  0.650229156017303E+000  0.816241204738617E+000  0.903232157230377E+000
  0.100000000000000E+001 -0.198011127229456E+004  0.370973136232850E+002  0.524209680087025E+000  0.194612887329540E+002  0.948729703598001E+002 -0.211672173800233E+001  0.679094374179840E+000  0.827245295047760E+000  0.911981940269470E+000
  0.100000000000000E+001 -0.198010556194900E+004  0.263511278870157E+002  0.726266993631361E+000  0.188120486533553E+002  0.902771932318243E+002 -0.209592309970381E+001  0.658492386341095E+000  0.820581793785095E+000  0.910527944564819E+000
  0.100000000000000E+001 -0.198006781747443E+004  0.173550388692113E+002  0.840897538540086E+000  0.216786638335164E+002  0.787373071232964E+002 -0.206935549804934E+001  0.611752033233643E+000  0.812846422195435E+000  0.907005012035370E+000
  0.100000000000000E+001 -0.198005453914542E+004  0.256696274757596E+002  0.672346098024735E+000  0.207852582738474E+002  0.800633733828806E+002 -0.208126821768670E+001  0.625319659709930E+000  0.801047205924988E+000  0.900448024272919E+000
  0.100000000000000E+001 -0.198005053302071E+004  0.204454915958470E+002  0.869053828487085E+000  0.189364841371201E+002  0.857457583013129E+002 -0.211353079826310E+001  0.605867803096771E+000  0.806284129619598E+000  0.905863404273987E+000
  0.100000000000000E+001 -0.197995820481080E+004  0.189159787578667E+002  0.829400339822406E+000  0.211694994038700E+002  0.839417856363711E+002 -0.216396366205970E+001  0.625999867916107E+000  0.821690857410431E+000  0.912220537662506E+000
  0.100000000000000E+001 -0.197993322738576E+004  0.217463610083226E+002  0.686854052913011E+000  0.236370815778203E+002  0.743646002842200E+002 -0.211722142335655E+001  0.612749874591827E+000  0.809009373188019E+000  0.901800334453583E+000
  0.100000000000000E+001 -0.197985577143034E+004  0.311718091782824E+002  0.609855650605630E+000  0.209439779752350E+002  0.961655759909967E+002 -0.215866212017301E+001  0.681421756744385E+000  0.838676929473877E+000  0.918644130229950E+000
  0.100000000000000E+001 -0.197984380323139E+004  0.221076699008963E+002  0.815039827476328E+000  0.197672515789720E+002  0.944463095564521E+002 -0.213352207234963E+001  0.660647988319397E+000  0.835829913616180E+000  0.921677410602570E+000
  0.100000000000000E+001 -0.197984263897238E+004  0.284686311129392E+002  0.640956627461092E+000  0.219475224896403E+002  0.884562000534723E+002 -0.211891371324973E+001  0.648111522197723E+000  0.819226205348969E+000  0.908966958522797E+000
  0.100000000000000E+001 -0.197981708043179E+004  0.291674407974012E+002  0.643450249474633E+000  0.199587473432958E+002  0.930504995558751E+002 -0.214490581289419E+001  0.678426146507263E+000  0.832543551921844E+000  0.915158629417419E+000
  0.100000000000000E+001 -0.197973103748506E+004  0.302137690089925E+002  0.653233654767031E+000  0.203275848616983E+002  0.927744346765002E+002 -0.210374000452257E+001  0.655332028865814E+000  0.821839511394501E+000  0.910196721553802E+000
  0.100000000000000E+001 -0.197967870404323E+004  0.260843837500255E+002  0.692214930396740E+000  0.202801204651890E+002  0.854715952633061E+002 -0.215779785766859E+001  0.642012357711792E+000  0.812082469463348E+000  0.906484484672546E+000
  0.100000000000000E+001 -0.197965261310382E+004  0.263473837449283E+002  0.712784298765783E+000  0.192649113491150E+002  0.847423701600542E+002 -0.208571388454896E+001  0.632661819458008E+000  0.804058611392975E+000  0.902030706405640E+000
  0.100000000000000E+001 -0.197956662614869E+004  0.146915299796494E+002  0.885240164622755E+000  0.220246521656700E+002  0.764452885530784E+002 -0.209256050634167E+001  0.637190163135529E+000  0.820680677890778E+000  0.910227358341217E+000
  0.100000000000000E+001 -0.197956248433510E+004  0.296029377607486E+002  0.638363907151475E+000  0.204294293332780E+002  0.864838444505628E+002 -0.210868267241120E+001  0.636532306671143E+000  0.808527529239655E+000  0.902190983295441E+000
  0.100000000000000E+001 -0.197951863443653E+004  0.177775858151680E+002  0.869731599061638E+000  0.202113978197020E+002  0.873526583646457E+002 -0.214499001356512E+001  0.645054042339325E+000  0.831096053123474E+000  0.917442500591278E+000
  0.100000000000000E+001 -0.197950450739015E+004  0.228827550812852E+002  0.781442027251922E+000  0.216109257226791E+002  0.908637968890535E+002 -0.215317337864114E+001  0.633001685142517E+000  0.825364470481873E+000  0.916298270225525E+000
  0.100000000000000E+001 -0.197948685180542E+004  0.344905645519397E+002  0.533288407279703E+000  0.204819751459004E+002  0.890988681575846E+002 -0.212199991963888E+001  0.657528042793274E+000  0.817135334014893E+000  0.905549228191376E+000
  0.100000000000000E+001 -0.197886027109822E+004  0.129398309498833E+002  0.101048760995578E+001  0.197352632838403E+002  0.889470593106987E+002 -0.211010120197695E+001  0.663791358470917E+000  0.835852682590485E+000  0.924344599246979E+000
  0.100000000000000E+001 -0.197938506148140E+004  0.181493798753307E+002  0.847488573674861E+000  0.214486273702247E+002  0.892062266603336E+002 -0.215084566076698E+001  0.653163790702820E+000  0.838038563728333E+000  0.921894192695618E+000
  0.100000000000000E+001 -0.197926912360754E+004  0.162219201671742E+002  0.851750714387244E+000  0.223038709891349E+002  0.840768808432787E+002 -0.210298875161835E+001  0.652677655220032E+000  0.835399210453033E+000  0.918887972831726E+000
  0.100000000000000E+001 -0.197884855063101E+004  0.271068663562361E+002  0.734867633336172E+000  0.195073841319459E+002  0.989352685569754E+002 -0.214590875315142E+001  0.680143415927887E+000  0.839405000209808E+000  0.922126829624176E+000
  0.100000000000000E+001 -0.197912546705594E+004  0.206001969269270E+002  0.837659591738827E+000  0.208764521233685E+002  0.959957067112772E+002 -0.212445387115251E+001  0.661687076091766E+000  0.843267381191254E+000  0.926619291305542E+000
  0.100000000000000E+001 -0.197505288802488E+004  0.165259902153159E+002  0.940762553491247E+000  0.186330846812041E+002  0.869052481376613E+002 -0.215744156356756E+001  0.630003869533539E+000  0.821084558963776E+000  0.913178503513336E+000
  0.100000000000000E+001 -0.197909852206222E+004  0.228482895488394E+002  0.755858564050443E+000  0.220994477950484E+002  0.863724899759908E+002 -0.215794894415737E+001  0.625000834465027E+000  0.817953824996948E+000  0.911545276641846E+000
  0.100000000000000E+001 -0.197908025744807E+004  0.245049952140615E+002  0.739567694613954E+000  0.207607517392845E+002  0.894229776334006E+002 -0.216859272925282E+001  0.644109487533569E+000  0.821520209312439E+000  0.913478076457977E+000
  0.100000000000000E+001 -0.197904139596917E+004  0.217253108999285E+002  0.700304588636459E+000  0.237141775057287E+002  0.778851784170118E+002 -0.214036136800096E+001  0.627170026302338E+000  0.816690742969513E+000  0.906608760356903E+000
  0.100000000000000E+001 -0.197843719214792E+004  0.249568587122389E+002  0.671806138604904E+000  0.235522769780581E+002  0.909505281925231E+002 -0.210086877002765E+001  0.675560712814331E+000  0.841057777404785E+000  0.921996653079987E+000
  0.100000000000000E+001 -0.197839760247730E+004  0.186315409552806E+002  0.832621734939507E+000  0.203054232483234E+002  0.745714250455235E+002 -0.208433309098955E+001  0.592190682888031E+000  0.791822612285614E+000  0.896815836429596E+000
  0.100000000000000E+001 -0.197530135026324E+004  0.193847972538233E+002  0.882149924811333E+000  0.194332260007446E+002  0.940070589521530E+002 -0.207674824135433E+001  0.651977360248566E+000  0.836330354213715E+000  0.922390282154083E+000
  0.100000000000000E+001 -0.197882994909321E+004  0.349368296719901E+002  0.555454625368110E+000  0.188322711510727E+002  0.929089247314513E+002 -0.213999898609219E+001  0.679706335067749E+000  0.825611054897308E+000  0.910691678524017E+000
  0.100000000000000E+001 -0.197838335835199E+004  0.222842067157222E+002  0.812846686438211E+000  0.203940594366267E+002  0.974036695237528E+002 -0.211119924159552E+001  0.669673979282379E+000  0.842795670032501E+000  0.926450967788696E+000
  0.100000000000000E+001 -0.197828742739172E+004  0.239255340054756E+002  0.668617302533570E+000  0.225236285245499E+002  0.760848728458754E+002 -0.207838698719932E+001  0.612184226512909E+000  0.802059292793274E+000  0.899528324604034E+000
  0.100000000000000E+001 -0.197542165008113E+004  0.326837134004570E+002  0.603726666714575E+000  0.207463134212761E+002  0.978581833404159E+002 -0.216872569862962E+001  0.678191006183624E+000  0.837423086166382E+000  0.918879866600037E+000
  0.100000000000000E+001 -0.197882662979355E+004  0.260887439226949E+002  0.675948072492620E+000  0.202811710411654E+002  0.849353419591266E+002 -0.215055951365030E+001  0.649277806282043E+000  0.815068721771240E+000  0.907445609569550E+000
  0.100000000000000E+001 -0.197826680339025E+004  0.279881313718764E+002  0.650175213836144E+000  0.222215030058668E+002  0.889126286462113E+002 -0.210540788352231E+001  0.648882806301117E+000  0.820722639560699E+000  0.910333573818207E+000
  0.100000000000000E+001 -0.197822922943020E+004  0.223092794273794E+002  0.768642633419811E+000  0.227075870864452E+002  0.877810199388201E+002 -0.210293438242627E+001  0.625677943229675E+000  0.822279453277588E+000  0.914184153079987E+000
  0.100000000000000E+001 -0.197847694228967E+004  0.230263976102509E+002  0.713644715177003E+000  0.236497622126012E+002  0.844195666873096E+002 -0.209676660838486E+001  0.634151756763458E+000  0.822867095470428E+000  0.912144482135773E+000
  0.100000000000000E+001 -0.197812226559379E+004  0.238689588773138E+002  0.702551097130368E+000  0.208213670785017E+002  0.829576323394469E+002 -0.206421431465428E+001  0.642410993576050E+000  0.816855430603027E+000  0.908552587032318E+000
  0.100000000000000E+001 -0.197797227062537E+004  0.149310888098826E+002  0.905756753014232E+000  0.213283847469045E+002  0.740917260715096E+002 -0.213459949367149E+001  0.614286005496979E+000  0.807306647300720E+000  0.902409851551056E+000
  0.100000000000000E+001 -0.197849006349413E+004  0.278265951951097E+002  0.657491508663246E+000  0.221934244786982E+002  0.891041995761827E+002 -0.213139187684778E+001  0.647625267505646E+000  0.820064604282379E+000  0.910393953323364E+000
  0.100000000000000E+001 -0.197852582258037E+004  0.222736442675547E+002  0.796139356185552E+000  0.188679714905533E+002  0.855648626974557E+002 -0.212676540282469E+001  0.635506391525269E+000  0.813561856746674E+000  0.908015668392181E+000
  0.100000000000000E+001 -0.197776574463718E+004  0.236306244666751E+002  0.648803340599985E+000  0.230570973639381E+002  0.818097781597776E+002 -0.212183983221299E+001  0.657680928707123E+000  0.830362439155579E+000  0.913165390491486E+000
  0.100000000000000E+001 -0.197856732733346E+004  0.303196447811181E+002  0.653692375706683E+000  0.193379417834431E+002  0.895391696103553E+002 -0.208766276181857E+001  0.648923218250275E+000  0.812852323055267E+000  0.904389321804047E+000
  0.100000000000000E+001 -0.197762811420067E+004  0.181596820458160E+002  0.901705426727891E+000  0.182651271297857E+002  0.856694331188580E+002 -0.211192603518785E+001  0.625667393207550E+000  0.818613827228546E+000  0.910217344760895E+000
  0.100000000000000E+001 -0.197757860032084E+004  0.172853509322886E+002  0.897059907518447E+000  0.200385282217075E+002  0.854314394359871E+002 -0.216625690928167E+001  0.623395144939423E+000  0.820057630538940E+000  0.912354409694672E+000
  0.100000000000000E+001 -0.197756232615503E+004  0.232243270748760E+002  0.713955146253554E+000  0.234410388145662E+002  0.929144303759313E+002 -0.212995884807166E+001  0.679272115230560E+000  0.847234189510345E+000  0.926749944686890E+000
  0.100000000000000E+001 -0.197755881767455E+004  0.291731274950813E+002  0.735291403070131E+000  0.174923610889244E+002  0.975870362892760E+002 -0.214636396578329E+001  0.672853052616119E+000  0.832729101181030E+000  0.914167463779449E+000
  0.100000000000000E+001 -0.197753325192858E+004  0.222998163586779E+002  0.829538160016697E+000  0.189803330131020E+002  0.939237394866122E+002 -0.214934069510953E+001  0.654801309108734E+000  0.830821573734283E+000  0.918682694435120E+000
  0.100000000000000E+001 -0.197748163062218E+004  0.253505334183230E+002  0.789772834941394E+000  0.186426850284781E+002  0.896109974536767E+002 -0.213786971285772E+001  0.624689340591431E+000  0.807826459407806E+000  0.905253469944000E+000
  0.100000000000000E+001 -0.197747570344976E+004  0.201260005036468E+002  0.780334171032790E+000  0.241247014515149E+002  0.852855538096381E+002 -0.211851563334206E+001  0.633169472217560E+000  0.827826917171478E+000  0.915690839290619E+000
  0.100000000000000E+001 -0.197588351081101E+004  0.195427243522753E+002  0.876818908620303E+000  0.205815139156463E+002  0.863560917946895E+002 -0.212092735852786E+001  0.595758199691772E+000  0.808534324169159E+000  0.908390164375305E+000
  0.100000000000000E+001 -0.197744909859386E+004  0.279586480330044E+002  0.625850688946453E+000  0.218246896675128E+002  0.948884042543398E+002 -0.211716779352680E+001  0.698034942150116E+000  0.847329914569855E+000  0.924361467361450E+000
  0.100000000000000E+001 -0.197593995815250E+004  0.212286913944360E+002  0.718241265294724E+000  0.212039079542377E+002  0.721944707983093E+002 -0.207309102522735E+001  0.600476861000061E+000  0.796418130397797E+000  0.896907448768616E+000
  0.100000000000000E+001 -0.197728519150031E+004  0.288362350014586E+002  0.633452343250254E+000  0.198571000471655E+002  0.880089083924221E+002 -0.207078416843468E+001  0.662332415580750E+000  0.821291327476501E+000  0.908284962177277E+000
  0.100000000000000E+001 -0.197723045079683E+004  0.298165816788662E+002  0.582624592578779E+000  0.221210965094200E+002  0.893886578294998E+002 -0.216408436216034E+001  0.669879853725433E+000  0.831783235073090E+000  0.913309037685394E+000
  0.100000000000000E+001 -0.197720034285025E+004  0.195691090679757E+002  0.829588032818803E+000  0.209741173605105E+002  0.808111139429251E+002 -0.206841350181275E+001  0.597298741340637E+000  0.805465281009674E+000  0.904376566410065E+000
  0.100000000000000E+001 -0.197716060622541E+004  0.245119034390653E+002  0.773257688519888E+000  0.197732466313966E+002  0.984176194186605E+002 -0.213405374798303E+001  0.680594146251678E+000  0.841880738735199E+000  0.925544083118439E+000
  0.100000000000000E+001 -0.197696665257429E+004  0.249605726966011E+002  0.766484816485701E+000  0.190001349727158E+002  0.841122368699541E+002 -0.213164550340942E+001  0.611246466636658E+000  0.795710027217865E+000  0.899494111537933E+000
  0.100000000000000E+001 -0.197692293024224E+004  0.384766289325433E+002  0.504053969948981E+000  0.184153446690622E+002  0.986524070613088E+002 -0.211760022740928E+001  0.707262158393860E+000  0.840394675731659E+000  0.918106973171234E+000
  0.100000000000000E+001 -0.197676523000724E+004  0.278946584819747E+002  0.786631972643196E+000  0.176803737457123E+002  0.996407237844049E+002 -0.212103012347548E+001  0.661520659923553E+000  0.831312298774719E+000  0.915335834026337E+000
  0.100000000000000E+001 -0.197873690871357E+004  0.192309136582274E+002  0.813009823122577E+000  0.224076011135595E+002  0.780887108454597E+002 -0.212266326910285E+001  0.589077174663544E+000  0.801811754703522E+000  0.902452707290649E+000
  0.100000000000000E+001 -0.197672249305371E+004  0.236339228782421E+002  0.790099268965220E+000  0.187411626705437E+002  0.896516228196697E+002 -0.215486206879628E+001  0.645755529403687E+000  0.819055736064911E+000  0.911315798759460E+000
  0.100000000000000E+001 -0.197650225107036E+004  0.320515819205536E+002  0.587654401696939E+000  0.221090371449518E+002  0.949281190721846E+002 -0.211685457808828E+001  0.670844495296478E+000  0.835093200206757E+000  0.916345357894897E+000
  0.100000000000000E+001 -0.197629996505882E+004  0.162612070451945E+002  0.875723751387001E+000  0.213781309689530E+002  0.749205682545706E+002 -0.215185970077429E+001  0.601545691490173E+000  0.799724161624908E+000  0.900403976440430E+000
  0.100000000000000E+001 -0.197869292072584E+004  0.250519375710947E+002  0.653679413835176E+000  0.230154099068253E+002  0.832122092078140E+002 -0.215712069058011E+001  0.645521581172943E+000  0.821870028972626E+000  0.909999072551727E+000
  0.100000000000000E+001 -0.197871921576801E+004  0.153612698234049E+002  0.908369294465962E+000  0.221124918762833E+002  0.794894136462940E+002 -0.211044367625006E+001  0.611770927906036E+000  0.814376473426819E+000  0.908351242542267E+000
  0.100000000000000E+001 -0.197624191187686E+004  0.169197130995970E+002  0.827070693038602E+000  0.233112536846577E+002  0.796202743640059E+002 -0.207220263520413E+001  0.626674771308899E+000  0.821748375892639E+000  0.911478698253632E+000
  0.100000000000000E+001 -0.197616285972352E+004  0.304660186838989E+002  0.682310459827979E+000  0.190003757361603E+002  0.942266161656387E+002 -0.208148773532390E+001  0.656583249568939E+000  0.821116268634796E+000  0.909502804279327E+000
  0.100000000000000E+001 -0.198157057668206E+004  0.307236465414003E+002  0.561081948541332E+000  0.212393145208184E+002  0.863919374786994E+002 -0.209489209492929E+001  0.661753833293915E+000  0.822827577590942E+000  0.907344758510590E+000
  0.100000000000000E+001 -0.198165755083210E+004  0.199180219316315E+002  0.802485426195862E+000  0.201750470239547E+002  0.817582222398651E+002 -0.211253219870243E+001  0.628094255924225E+000  0.816031992435455E+000  0.908485949039459E+000
  0.100000000000000E+001 -0.198170495570369E+004  0.269111525967177E+002  0.628259660352670E+000  0.211412240521292E+002  0.853620569399064E+002 -0.211870483130161E+001  0.661731183528900E+000  0.823636770248413E+000  0.910722613334656E+000
  0.100000000000000E+001 -0.198171484483982E+004  0.226534243654757E+002  0.725858989327878E+000  0.215599474341513E+002  0.837503334146483E+002 -0.215089938036123E+001  0.640405356884003E+000  0.821334302425385E+000  0.911383450031281E+000
  0.100000000000000E+001 -0.198173225938952E+004  0.288825335730171E+002  0.590292546698587E+000  0.220264586897658E+002  0.901645017726349E+002 -0.211197557265761E+001  0.681253254413605E+000  0.837537407875061E+000  0.916893780231476E+000
  0.100000000000000E+001 -0.198173646870563E+004  0.243733723823966E+002  0.744863900272617E+000  0.198428268220278E+002  0.883795600358408E+002 -0.208825236686597E+001  0.647806644439697E+000  0.819058477878571E+000  0.911693513393402E+000
  0.100000000000000E+001 -0.198175910254670E+004  0.168393622840875E+002  0.927370768783496E+000  0.191938614037192E+002  0.876640331563624E+002 -0.212776391561985E+001  0.629930913448334E+000  0.823082506656647E+000  0.914703547954559E+000
  0.100000000000000E+001 -0.198177722784943E+004  0.177578258327795E+002  0.817720143384768E+000  0.234025741020243E+002  0.821831420985486E+002 -0.211621688177167E+001  0.632117450237274E+000  0.825653195381165E+000  0.914099395275116E+000
  0.100000000000000E+001 -0.198181647174345E+004  0.208868301871566E+002  0.794479612564408E+000  0.212277469299066E+002  0.849385314506721E+002 -0.215801343886191E+001  0.622147202491760E+000  0.819230496883392E+000  0.911391615867615E+000
  0.100000000000000E+001 -0.198183214412107E+004  0.266245204828503E+002  0.677062299485584E+000  0.210065356654668E+002  0.929294991164558E+002 -0.210555478881567E+001  0.675821840763092E+000  0.835507750511169E+000  0.919635951519012E+000
  0.100000000000000E+001 -0.198186047633417E+004  0.274991815663416E+002  0.704488728257800E+000  0.188452130173549E+002  0.903092972561873E+002 -0.211769837924819E+001  0.658873140811920E+000  0.819750487804413E+000  0.909039676189423E+000
  0.100000000000000E+001 -0.198189539763461E+004  0.272836258746192E+002  0.688378857925117E+000  0.217212821665558E+002  0.962475763562239E+002 -0.212050710950144E+001  0.673836410045624E+000  0.837981224060059E+000  0.921772480010986E+000
  0.100000000000000E+001 -0.198191132534767E+004  0.327909360318756E+002  0.568051210322798E+000  0.198519969832096E+002  0.907745870220628E+002 -0.210606467456405E+001  0.668978691101074E+000  0.824605464935303E+000  0.910011410713196E+000
  0.100000000000000E+001 -0.198196810294459E+004  0.335994450780436E+002  0.588183474876736E+000  0.192032703547307E+002  0.944079419564298E+002 -0.212606576286877E+001  0.678469300270081E+000  0.828874111175537E+000  0.912748754024506E+000
  0.100000000000000E+001 -0.198199619254737E+004  0.212540781552660E+002  0.838843595183087E+000  0.189765988812462E+002  0.870929122608940E+002 -0.210635115074369E+001  0.624687969684601E+000  0.813912332057953E+000  0.909072577953339E+000
  0.100000000000000E+001 -0.198201876235741E+004  0.186047678787950E+002  0.876860366554217E+000  0.211130585978014E+002  0.898963009223768E+002 -0.212772024321102E+001  0.627937138080597E+000  0.828058481216431E+000  0.917842924594879E+000
  0.100000000000000E+001 -0.198204454912177E+004  0.320823006664751E+002  0.607171716750676E+000  0.192698749708679E+002  0.930652461771018E+002 -0.211008911723572E+001  0.674626469612122E+000  0.827726244926453E+000  0.911746382713318E+000
  0.100000000000000E+001 -0.198205940179747E+004  0.240464957017345E+002  0.691664141743641E+000  0.229061554733737E+002  0.835964734370290E+002 -0.213821075263320E+001  0.637174904346466E+000  0.819016516208649E+000  0.909806549549103E+000
  0.100000000000000E+001 -0.198206135597815E+004  0.311269960564188E+002  0.567228214813693E+000  0.212652789322499E+002  0.920882158593037E+002 -0.211645574779080E+001  0.682712078094482E+000  0.837480187416077E+000  0.916001617908478E+000
  0.100000000000000E+001 -0.198212080784631E+004  0.209762689005844E+002  0.759910963749598E+000  0.218236436762886E+002  0.827044796575786E+002 -0.207567797392489E+001  0.632509887218475E+000  0.820922315120697E+000  0.911305367946625E+000
  0.100000000000000E+001 -0.198212104312306E+004  0.184111635144952E+002  0.801322257599804E+000  0.219979893341971E+002  0.823057624026467E+002 -0.209098620069968E+001  0.641973018646240E+000  0.827477037906647E+000  0.914466559886932E+000
  0.100000000000000E+001 -0.198214260235715E+004  0.175296546530903E+002  0.816491496514935E+000  0.223874176872122E+002  0.804502604764006E+002 -0.209138448014631E+001  0.633566737174988E+000  0.823512256145477E+000  0.912274837493896E+000
  0.100000000000000E+001 -0.198216651400773E+004  0.260604462090038E+002  0.668007404703316E+000  0.219430681493974E+002  0.828087864793717E+002 -0.211364806532195E+001  0.630354523658752E+000  0.807180404663086E+000  0.904206097126007E+000
  0.100000000000000E+001 -0.198216967138478E+004  0.272760513265860E+002  0.675336444607724E+000  0.199277895725298E+002  0.882424610343970E+002 -0.213747356552067E+001  0.656662642955780E+000  0.819578588008881E+000  0.909306526184082E+000
  0.100000000000000E+001 -0.198218468614740E+004  0.236241932193157E+002  0.671020905762888E+000  0.223748240864352E+002  0.784138313104640E+002 -0.212828734540362E+001  0.630874037742615E+000  0.812309920787811E+000  0.904577314853668E+000
  0.100000000000000E+001 -0.198222471696348E+004  0.201962247715367E+002  0.821001861766735E+000  0.196619271382520E+002  0.822735771809165E+002 -0.211953269767766E+001  0.616651475429535E+000  0.810190737247467E+000  0.906191408634186E+000
  0.100000000000000E+001 -0.198226992296099E+004  0.175620713943913E+002  0.834515610783248E+000  0.229553741505084E+002  0.823213242961188E+002 -0.210678014816822E+001  0.623963296413422E+000  0.822985112667084E+000  0.913024008274078E+000
  0.100000000000000E+001 -0.198227037881022E+004  0.153919413058062E+002  0.906883084182273E+000  0.212676783040528E+002  0.849364049677401E+002 -0.213382141541498E+001  0.640769541263580E+000  0.831902325153351E+000  0.917452633380890E+000
  0.100000000000000E+001 -0.198227912535489E+004  0.207305634403575E+002  0.845587317437066E+000  0.202392864563020E+002  0.885158909862073E+002 -0.213196649392622E+001  0.618283271789551E+000  0.817193329334259E+000  0.912063717842102E+000
  0.100000000000000E+001 -0.198231162642386E+004  0.291319305199828E+002  0.610731265951535E+000  0.209144949959727E+002  0.853149822129149E+002 -0.209618413413583E+001  0.648145675659180E+000  0.814497172832489E+000  0.904884040355682E+000
  0.100000000000000E+001 -0.198232665567954E+004  0.211399503713212E+002  0.783023440127076E+000  0.205729827528140E+002  0.869540381696314E+002 -0.210014437841653E+001  0.645790278911591E+000  0.828387975692749E+000  0.915713548660278E+000
  0.100000000000000E+001 -0.198232752261522E+004  0.243208202443004E+002  0.743030539996278E+000  0.206530035569708E+002  0.935425813123448E+002 -0.211070941311443E+001  0.667347192764282E+000  0.835403919219971E+000  0.921058714389801E+000
  0.100000000000000E+001 -0.198242505856538E+004  0.176354795410108E+002  0.866295434867634E+000  0.213276549802080E+002  0.806885171050319E+002 -0.209799384333533E+001  0.600369513034821E+000  0.809388279914856E+000  0.906266629695892E+000
  0.100000000000000E+001 -0.198242962825621E+004  0.194750263405183E+002  0.804035189983554E+000  0.226643918550080E+002  0.832952765025177E+002 -0.209898365054263E+001  0.621111571788788E+000  0.820298135280609E+000  0.911905646324158E+000
  0.100000000000000E+001 -0.198247895970255E+004  0.280614005939346E+002  0.624680752834008E+000  0.221454957741988E+002  0.924136287579463E+002 -0.212167422049688E+001  0.682479560375214E+000  0.839517414569855E+000  0.919538319110870E+000
  0.100000000000000E+001 -0.198248944425923E+004  0.312266913167757E+002  0.578549107981951E+000  0.217871213836963E+002  0.937606142913057E+002 -0.211094604371125E+001  0.681301832199097E+000  0.838884830474854E+000  0.917297899723053E+000
  0.100000000000000E+001 -0.198249750300443E+004  0.241307699395615E+002  0.663289287086276E+000  0.228181980171454E+002  0.829703051169066E+002 -0.212884246430498E+001  0.650656163692474E+000  0.825822532176971E+000  0.911789238452911E+000
  0.100000000000000E+001 -0.198250809222035E+004  0.297916973170052E+002  0.611954397562316E+000  0.207310213210808E+002  0.882853229860311E+002 -0.209507453282760E+001  0.656461000442505E+000  0.820569515228271E+000  0.908039748668671E+000
  0.100000000000000E+001 -0.198256435548705E+004  0.197544005624847E+002  0.838163845543647E+000  0.200386136218100E+002  0.841209785109280E+002 -0.214320305620058E+001  0.617276966571808E+000  0.814132392406464E+000  0.908748567104340E+000
  0.100000000000000E+001 -0.198256458419735E+004  0.289178884316417E+002  0.644040681952378E+000  0.204009448893235E+002  0.936371753570896E+002 -0.212568350203027E+001  0.678855895996094E+000  0.834846794605255E+000  0.916917443275452E+000
  0.100000000000000E+001 -0.198256836406277E+004  0.230206546304018E+002  0.748919392781857E+000  0.207645589792844E+002  0.837971787637800E+002 -0.214944507250151E+001  0.626025795936584E+000  0.812180459499359E+000  0.907598674297333E+000
  0.100000000000000E+001 -0.198258034522670E+004  0.250060951840091E+002  0.648246622039719E+000  0.231661290723822E+002  0.842979255593085E+002 -0.210421731548495E+001  0.654674112796783E+000  0.827569067478180E+000  0.912735998630524E+000
  0.100000000000000E+001 -0.198262428228254E+004  0.175520762675425E+002  0.829115748911598E+000  0.229772766219917E+002  0.816069209194931E+002 -0.210966164456879E+001  0.624643981456757E+000  0.822463154792786E+000  0.912475168704987E+000
  0.100000000000000E+001 -0.198263833497979E+004  0.282516719297679E+002  0.637741495310188E+000  0.211620205536964E+002  0.920289338525999E+002 -0.210243273564497E+001  0.675628483295441E+000  0.834152817726135E+000  0.916801750659943E+000
  0.100000000000000E+001 -0.198265889047068E+004  0.170097815422834E+002  0.868882913782487E+000  0.201798222644751E+002  0.780290615016027E+002 -0.210174437766976E+001  0.614486813545227E+000  0.806849658489227E+000  0.903955459594727E+000
  0.100000000000000E+001 -0.198268230008631E+004  0.269494252471450E+002  0.622580025887208E+000  0.219674135520243E+002  0.852829599892596E+002 -0.213437589489106E+001  0.658916056156158E+000  0.824131369590759E+000  0.910898208618164E+000
  0.100000000000000E+001 -0.198268709843071E+004  0.276425322608654E+002  0.715996217399936E+000  0.197902083191236E+002  0.951524089476915E+002 -0.213302192827705E+001  0.663334727287292E+000  0.828774631023407E+000  0.915689766407013E+000
  0.100000000000000E+001 -0.198269664499216E+004  0.209970560753369E+002  0.832120289197504E+000  0.197138349174169E+002  0.902715596299894E+002 -0.212809901005895E+001  0.641072809696198E+000  0.826378047466278E+000  0.916083216667175E+000
  0.100000000000000E+001 -0.198272793037172E+004  0.278665779576658E+002  0.668476524491828E+000  0.203614010078553E+002  0.860204437744626E+002 -0.211810823531346E+001  0.637785017490387E+000  0.809341371059418E+000  0.903863787651062E+000
  0.100000000000000E+001 -0.198273042187184E+004  0.220228204017842E+002  0.719000112933715E+000  0.234676571014233E+002  0.831718794420979E+002 -0.211378383525783E+001  0.639409720897675E+000  0.825557947158813E+000  0.912919223308563E+000
  0.100000000000000E+001 -0.198279221818925E+004  0.251791630452151E+002  0.699850820456720E+000  0.223631619553033E+002  0.925642139150773E+002 -0.211074782783890E+001  0.668848454952240E+000  0.836194336414337E+000  0.921089112758636E+000
  0.100000000000000E+001 -0.198279285581758E+004  0.282101115194613E+002  0.625901026789102E+000  0.216507688197334E+002  0.900689399352590E+002 -0.214158593128253E+001  0.669696211814880E+000  0.831209123134613E+000  0.914679706096649E+000
  0.100000000000000E+001 -0.198281850796666E+004  0.273738836583647E+002  0.694483822975262E+000  0.196111548544863E+002  0.874674740802997E+002 -0.212969139755723E+001  0.642811834812164E+000  0.811377346515656E+000  0.905347585678101E+000
  0.100000000000000E+001 -0.198282939086908E+004  0.280588010317422E+002  0.621014523510278E+000  0.222904437158377E+002  0.901022022023114E+002 -0.210586023797711E+001  0.671222150325775E+000  0.833336651325226E+000  0.915704071521759E+000
  0.100000000000000E+001 -0.198283427052820E+004  0.226597671034453E+002  0.783085897019203E+000  0.197573504378576E+002  0.873235950743904E+002 -0.209770263648778E+001  0.638217151165009E+000  0.818181753158569E+000  0.911144077777863E+000
  0.100000000000000E+001 -0.198283441324344E+004  0.213651674562182E+002  0.742160374234551E+000  0.220268338487954E+002  0.763687498136577E+002 -0.210349726010626E+001  0.601800680160522E+000  0.801074922084808E+000  0.900615394115448E+000
  0.100000000000000E+001 -0.198285460368525E+004  0.221757363945654E+002  0.709289696825882E+000  0.221031255555723E+002  0.784235045533978E+002 -0.209101687582104E+001  0.626638293266296E+000  0.812216818332672E+000  0.905316054821014E+000
  0.100000000000000E+001 -0.198292220390835E+004  0.157077722061068E+002  0.904110922770873E+000  0.206260388051825E+002  0.822937614801258E+002 -0.213258187511365E+001  0.632303297519684E+000  0.822210669517517E+000  0.911620438098907E+000
  0.100000000000000E+001 -0.198292677574093E+004  0.240903198659989E+002  0.694572365178280E+000  0.212716251912360E+002  0.787385999970159E+002 -0.211011428449676E+001  0.619990170001984E+000  0.801942169666290E+000  0.900962114334106E+000
  0.100000000000000E+001 -0.198294829356477E+004  0.303682453002381E+002  0.585802409841323E+000  0.208654804758632E+002  0.894413293965610E+002 -0.212648518593808E+001  0.669699013233185E+000  0.828337132930756E+000  0.911421597003937E+000
  0.100000000000000E+001 -0.198295667507695E+004  0.223007835835353E+002  0.700045547905119E+000  0.221027197097987E+002  0.769397413901570E+002 -0.211202096518603E+001  0.622269570827484E+000  0.809150278568268E+000  0.903289437294006E+000
  0.100000000000000E+001 -0.198296774791215E+004  0.281769605162498E+002  0.653470446176557E+000  0.212250291900493E+002  0.947324592758571E+002 -0.212891002687829E+001  0.681071102619171E+000  0.838621735572815E+000  0.920101165771484E+000
  0.100000000000000E+001 -0.198299557372608E+004  0.260449452535352E+002  0.698557668019505E+000  0.201506280078992E+002  0.835299826182992E+002 -0.211421510434323E+001  0.629021704196930E+000  0.804089725017548E+000  0.902394056320190E+000
  0.100000000000000E+001 -0.198300671650404E+004  0.315860898126271E+002  0.565133194502455E+000  0.216647535288414E+002  0.923766605769580E+002 -0.212624969414749E+001  0.677997171878815E+000  0.836083948612213E+000  0.915454387664795E+000
  0.100000000000000E+001 -0.198302208738060E+004  0.215822054936981E+002  0.764603289700013E+000  0.210958915091396E+002  0.784970676778516E+002 -0.211607469005617E+001  0.599409043788910E+000  0.800609171390533E+000  0.901244699954987E+000
  0.100000000000000E+001 -0.198306049080516E+004  0.309727090630348E+002  0.594220725841768E+000  0.207728744860169E+002  0.909774951786900E+002 -0.213935995189452E+001  0.666889727115631E+000  0.827485382556915E+000  0.911479115486145E+000
  0.100000000000000E+001 -0.198306770127566E+004  0.214734204049012E+002  0.778154480057193E+000  0.223194880612554E+002  0.859553016895491E+002 -0.213149261150592E+001  0.622354328632355E+000  0.820922970771790E+000  0.912847340106964E+000
  0.100000000000000E+001 -0.198308817420699E+004  0.185923726386269E+002  0.868369156070835E+000  0.205828666822936E+002  0.838038995156705E+002 -0.209997592995651E+001  0.606185376644135E+000  0.812070608139038E+000  0.908324122428894E+000
  0.100000000000000E+001 -0.198309768470714E+004  0.177888079094793E+002  0.887815263797894E+000  0.205356425551449E+002  0.901708806880530E+002 -0.212397383555043E+001  0.642536818981171E+000  0.833129227161407E+000  0.919997751712799E+000
  0.100000000000000E+001 -0.198310214366535E+004  0.227245221714557E+002  0.704985247260340E+000  0.229780318991678E+002  0.852835626818318E+002 -0.212050562109192E+001  0.653179109096527E+000  0.831164419651031E+000  0.916012465953827E+000
  0.100000000000000E+001 -0.198315033986605E+004  0.253519707135131E+002  0.676738491721598E+000  0.209296974413986E+002  0.807646118808135E+002 -0.211971400076144E+001  0.629563748836517E+000  0.804330527782440E+000  0.902297079563141E+000
  0.100000000000000E+001 -0.198326120849697E+004  0.207316671576620E+002  0.732083965395092E+000  0.227194837926467E+002  0.803652647541146E+002 -0.211657457523328E+001  0.639976263046265E+000  0.823266386985779E+000  0.911142528057098E+000
  0.100000000000000E+001 -0.198332002488360E+004  0.227892151255125E+002  0.741163707157058E+000  0.219628078658049E+002  0.821271458021819E+002 -0.211666217283418E+001  0.614914536476135E+000  0.808846056461334E+000  0.906020224094391E+000
  0.100000000000000E+001 -0.198332500148944E+004  0.287427231255997E+002  0.602994358424633E+000  0.220651937139230E+002  0.891234201861990E+002 -0.210737977609568E+001  0.669481158256531E+000  0.831604719161987E+000  0.913893103599548E+000
  0.100000000000000E+001 -0.198336409072060E+004  0.278025013772809E+002  0.658084235733156E+000  0.215533285804471E+002  0.932813605074765E+002 -0.213947696034034E+001  0.673092901706696E+000  0.834404766559601E+000  0.918165624141693E+000
  0.100000000000000E+001 -0.198336488494158E+004  0.253648329242319E+002  0.695205343292838E+000  0.212952000437748E+002  0.904274654290064E+002 -0.209868908700794E+001  0.663991868495941E+000  0.830405056476593E+000  0.917397677898407E+000
  0.100000000000000E+001 -0.198337207833238E+004  0.261582899275605E+002  0.662312858285345E+000  0.212377760699389E+002  0.818749787290635E+002 -0.210194154575967E+001  0.632572710514069E+000  0.806146800518036E+000  0.903037130832672E+000
  0.100000000000000E+001 -0.198337652437971E+004  0.191641808414357E+002  0.837917339182697E+000  0.205980827898949E+002  0.877637089641439E+002 -0.209810529023120E+001  0.642782986164093E+000  0.830327689647675E+000  0.917183816432953E+000
  0.100000000000000E+001 -0.198345647472697E+004  0.216881035272910E+002  0.724642544792399E+000  0.222441036119414E+002  0.788725042694584E+002 -0.213027648817343E+001  0.624261915683746E+000  0.812751710414886E+000  0.906012237071991E+000
  0.100000000000000E+001 -0.198345693638429E+004  0.182352849515140E+002  0.867948390727649E+000  0.200287399601261E+002  0.806491422784025E+002 -0.210811761167376E+001  0.604094564914703E+000  0.805628597736359E+000  0.904208362102509E+000
  0.100000000000000E+001 -0.198346735845172E+004  0.215349202023324E+002  0.747028940224084E+000  0.222948580261838E+002  0.869238058832659E+002 -0.212992228515278E+001  0.653458058834076E+000  0.832978129386902E+000  0.918305039405823E+000
  0.100000000000000E+001 -0.198350963908378E+004  0.162085523267042E+002  0.868773980468807E+000  0.218213085734250E+002  0.824444287033709E+002 -0.212872075209347E+001  0.632264077663422E+000  0.826371252536774E+000  0.914026319980621E+000
  0.100000000000000E+001 -0.198351274865496E+004  0.177277628532091E+002  0.897390445833926E+000  0.204854411814455E+002  0.866301244647371E+002 -0.211606081412734E+001  0.616208195686340E+000  0.819017708301544E+000  0.912740051746368E+000
  0.100000000000000E+001 -0.198354329757721E+004  0.265776694474866E+002  0.721975197686474E+000  0.200553495701146E+002  0.913097894493455E+002 -0.211001235871541E+001  0.648697316646576E+000  0.820267736911774E+000  0.911745488643646E+000
  0.100000000000000E+001 -0.198355936683489E+004  0.161973192641633E+002  0.906588979267042E+000  0.202258255890354E+002  0.826617456809685E+002 -0.213176106550336E+001  0.623427152633667E+000  0.816960513591766E+000  0.910051167011261E+000
  0.100000000000000E+001 -0.198356515109322E+004  0.172055389708195E+002  0.884030812534216E+000  0.204295174000339E+002  0.855281121814468E+002 -0.213384030696897E+001  0.631538987159729E+000  0.825133621692657E+000  0.914362370967865E+000
  0.100000000000000E+001 -0.198356706064287E+004  0.225426691039488E+002  0.727388041309636E+000  0.209825218941985E+002  0.792245587245013E+002 -0.210312965199350E+001  0.620559751987457E+000  0.807228744029999E+000  0.903576791286469E+000
  0.100000000000000E+001 -0.198357205396928E+004  0.203212203601371E+002  0.781852761587798E+000  0.225534554529080E+002  0.844093293244398E+002 -0.209480576441011E+001  0.631148576736450E+000  0.823993206024170E+000  0.913695752620697E+000
  0.100000000000000E+001 -0.198358679143570E+004  0.190254175271979E+002  0.788512047840150E+000  0.217264285877456E+002  0.746940046987452E+002 -0.210357697023043E+001  0.599647104740143E+000  0.801093757152557E+000  0.900700986385345E+000
  0.100000000000000E+001 -0.198361800809265E+004  0.253806156705595E+002  0.727839005923925E+000  0.205074545681145E+002  0.885753152425072E+002 -0.209852406109319E+001  0.639706313610077E+000  0.815987706184387E+000  0.910309731960297E+000
  0.100000000000000E+001 -0.198363982539696E+004  0.200807570706787E+002  0.827047885711472E+000  0.202533912352628E+002  0.845755654917985E+002 -0.213844663300311E+001  0.620313405990601E+000  0.816109955310822E+000  0.909750282764435E+000
  0.100000000000000E+001 -0.198365196909788E+004  0.198677407249970E+002  0.791468775667875E+000  0.209343893143435E+002  0.771098462431423E+002 -0.212112780677237E+001  0.601648747920990E+000  0.802503883838654E+000  0.901605188846588E+000
  0.100000000000000E+001 -0.198365825390386E+004  0.198966301064790E+002  0.807576466638278E+000  0.212806030857846E+002  0.838426577819905E+002 -0.208377738089818E+001  0.623356640338898E+000  0.819783389568329E+000  0.911304950714111E+000
  0.100000000000000E+001 -0.198372654512579E+004  0.210498043286637E+002  0.804514573576765E+000  0.217741466596846E+002  0.895944845514872E+002 -0.213916240004875E+001  0.632790267467499E+000  0.829088926315308E+000  0.917642951011658E+000
  0.100000000000000E+001 -0.198377770361437E+004  0.171735668570118E+002  0.843709265450595E+000  0.212695140430952E+002  0.777978620890201E+002 -0.209215626193488E+001  0.613911151885986E+000  0.811040580272675E+000  0.905856966972351E+000
  0.100000000000000E+001 -0.198385144157616E+004  0.241125982066039E+002  0.717249476197384E+000  0.212382301363549E+002  0.894275349454623E+002 -0.210530700629340E+001  0.659366309642792E+000  0.830866396427155E+000  0.917491257190704E+000
  0.100000000000000E+001 -0.198388130650487E+004  0.255270852300719E+002  0.738904476504972E+000  0.206327175306431E+002  0.928144491165638E+002 -0.212137504619450E+001  0.651190102100372E+000  0.825444519519806E+000  0.915963113307953E+000
  0.100000000000000E+001 -0.198389897163298E+004  0.238864868355337E+002  0.738039568651642E+000  0.208275837627665E+002  0.885891945494021E+002 -0.214521043510800E+001  0.647865533828735E+000  0.824306547641754E+000  0.914393365383148E+000
  0.100000000000000E+001 -0.198395709210668E+004  0.178179368957037E+002  0.854779278480124E+000  0.207287735552132E+002  0.851433201081946E+002 -0.212553342248265E+001  0.637978374958038E+000  0.827452957630157E+000  0.915145456790924E+000
  0.100000000000000E+001 -0.198395881832709E+004  0.193514340843149E+002  0.790964149567747E+000  0.210658428358771E+002  0.775721852444555E+002 -0.211992499935558E+001  0.613145768642426E+000  0.808749258518219E+000  0.904287755489349E+000
  0.100000000000000E+001 -0.198397922704711E+004  0.246907363698795E+002  0.718564305744924E+000  0.219635485330031E+002  0.923629485418955E+002 -0.213205103520329E+001  0.663144290447235E+000  0.833957612514496E+000  0.920346558094025E+000
  0.100000000000000E+001 -0.198398163480846E+004  0.229915276497458E+002  0.729441675799515E+000  0.222217114557729E+002  0.826338674541025E+002 -0.212167310497209E+001  0.622281074523926E+000  0.812430679798126E+000  0.907538473606110E+000
  0.100000000000000E+001 -0.198399309020932E+004  0.176614843391044E+002  0.822262165865995E+000  0.213541020106125E+002  0.767711169916194E+002 -0.210429546660936E+001  0.613932013511658E+000  0.810087859630585E+000  0.905027329921722E+000
  0.100000000000000E+001 -0.198403769628538E+004  0.195057212197926E+002  0.835769572762987E+000  0.211240599780599E+002  0.844072524079032E+002 -0.210199930733396E+001  0.612672388553619E+000  0.816181421279907E+000  0.910148024559021E+000
  0.100000000000000E+001 -0.198404339684590E+004  0.284673766686751E+002  0.663464616247606E+000  0.200891586068833E+002  0.914825695077428E+002 -0.211115347814809E+001  0.665028274059296E+000  0.825665175914764E+000  0.912236034870148E+000
  0.100000000000000E+001 -0.198407114263458E+004  0.193806886269350E+002  0.823349262250390E+000  0.218487834696104E+002  0.896369179179783E+002 -0.211097129729506E+001  0.649064898490906E+000  0.836391150951385E+000  0.921238124370575E+000
  0.100000000000000E+001 -0.198410712522814E+004  0.315140781551638E+002  0.594921474438544E+000  0.206541058367488E+002  0.933118652952688E+002 -0.212201349197134E+001  0.673310816287994E+000  0.832126438617706E+000  0.914399623870850E+000
  0.100000000000000E+001 -0.198412940857050E+004  0.244370155889730E+002  0.752436856863896E+000  0.204811295970708E+002  0.923808930504836E+002 -0.213438112935324E+001  0.655206501483917E+000  0.828213393688202E+000  0.917424261569977E+000
  0.100000000000000E+001 -0.198413839550474E+004  0.164745626609580E+002  0.886497250049377E+000  0.213578007155095E+002  0.830352931576719E+002 -0.210018371458602E+001  0.618161261081696E+000  0.820923507213593E+000  0.911975681781769E+000
  0.100000000000000E+001 -0.198415393421472E+004  0.193800643724586E+002  0.845679982502600E+000  0.210862708546890E+002  0.890029117560828E+002 -0.213454993909856E+001  0.634137153625488E+000  0.829364955425262E+000  0.917484939098358E+000
  0.100000000000000E+001 -0.198415884318447E+004  0.221127283041490E+002  0.755583451546664E+000  0.225564188235663E+002  0.893153546875805E+002 -0.212034112556423E+001  0.649658441543579E+000  0.833122551441193E+000  0.919316709041595E+000
  0.100000000000000E+001 -0.198416426288847E+004  0.195251499934906E+002  0.810655831893322E+000  0.207986069793949E+002  0.783364679145928E+002 -0.212197531789549E+001  0.601328670978546E+000  0.803775072097778E+000  0.902604579925537E+000
  0.100000000000000E+001 -0.198417812831459E+004  0.191277560981636E+002  0.849629786219504E+000  0.209120013340312E+002  0.846421050104922E+002 -0.210513468210966E+001  0.612375974655151E+000  0.816125094890594E+000  0.910201787948608E+000
  0.100000000000000E+001 -0.198419327191276E+004  0.253690285765283E+002  0.685970330453548E+000  0.207065556383145E+002  0.851399548154179E+002 -0.209950371896518E+001  0.647623836994171E+000  0.816790461540222E+000  0.909098446369171E+000
  0.100000000000000E+001 -0.198419716381709E+004  0.183056258266799E+002  0.804860345798522E+000  0.218096298670881E+002  0.769254912514865E+002 -0.209837686160998E+001  0.612254858016968E+000  0.809870123863220E+000  0.905013024806976E+000
  0.100000000000000E+001 -0.198420366719211E+004  0.274686211256250E+002  0.640197474020675E+000  0.218873094223506E+002  0.885472921058482E+002 -0.210831299593217E+001  0.660445213317871E+000  0.826080739498138E+000  0.912836074829102E+000
  0.100000000000000E+001 -0.198422568022714E+004  0.232827779601574E+002  0.755418415389217E+000  0.209384070866475E+002  0.857110541166643E+002 -0.213999277294708E+001  0.626175999641418E+000  0.814048588275909E+000  0.909202277660370E+000
  0.100000000000000E+001 -0.198433184963696E+004  0.268944781078710E+002  0.691194787526233E+000  0.203548064148048E+002  0.871448987408427E+002 -0.211873597228515E+001  0.640348136425018E+000  0.812654793262482E+000  0.906687378883362E+000
  0.100000000000000E+001 -0.198435333566079E+004  0.190946010552657E+002  0.806390464949738E+000  0.219519054836885E+002  0.821030836695381E+002 -0.214182726557169E+001  0.624535918235779E+000  0.820027053356171E+000  0.911042213439941E+000
  0.100000000000000E+001 -0.198436488750623E+004  0.226732750657025E+002  0.721581828777529E+000  0.222190964737121E+002  0.808398316154169E+002 -0.212473425725937E+001  0.622983455657959E+000  0.811784684658051E+000  0.906385719776154E+000
  0.100000000000000E+001 -0.198437254674180E+004  0.172715548889616E+002  0.868810972970359E+000  0.211231328159108E+002  0.860967170048378E+002 -0.210105840620948E+001  0.637490212917328E+000  0.829888164997101E+000  0.916883945465088E+000
  0.100000000000000E+001 -0.198437839982187E+004  0.192590494995522E+002  0.797452157802249E+000  0.216450952682240E+002  0.834919427652617E+002 -0.209609691966941E+001  0.638884365558624E+000  0.826370656490326E+000  0.914141833782196E+000
  0.100000000000000E+001 -0.198440419340984E+004  0.222263588203357E+002  0.743561405590745E+000  0.215132150244375E+002  0.861168074196243E+002 -0.209390253294493E+001  0.645765483379364E+000  0.827208220958710E+000  0.915053784847260E+000
  0.100000000000000E+001 -0.198440985372541E+004  0.235111352749652E+002  0.724093724302646E+000  0.217818770692112E+002  0.828141688441855E+002 -0.210782373044099E+001  0.623667299747467E+000  0.810756444931030E+000  0.906747877597809E+000
  0.100000000000000E+001 -0.198450161486703E+004  0.259006797204604E+002  0.675503324854433E+000  0.208608329641342E+002  0.833753398749591E+002 -0.211015514648963E+001  0.638095915317535E+000  0.809829890727997E+000  0.905201673507690E+000
  0.100000000000000E+001 -0.198453209364034E+004  0.260429531346714E+002  0.693588119299291E+000  0.211585973935821E+002  0.870619074516769E+002 -0.211317579566066E+001  0.640655279159546E+000  0.815308511257172E+000  0.909106791019440E+000
  0.100000000000000E+001 -0.198454028261922E+004  0.167909885086689E+002  0.861743100368962E+000  0.217993144357313E+002  0.845140025101507E+002 -0.211707657949382E+001  0.635395586490631E+000  0.829606652259827E+000  0.916503310203552E+000
  0.100000000000000E+001 -0.198460217110155E+004  0.178396055075274E+002  0.843989966575975E+000  0.216113210919948E+002  0.847437567462796E+002 -0.209449644707459E+001  0.633642971515656E+000  0.827740848064423E+000  0.915492355823517E+000
  0.100000000000000E+001 -0.198462221923060E+004  0.191230938792214E+002  0.835724232110513E+000  0.209232349455620E+002  0.816849364657232E+002 -0.210267942987963E+001  0.606552958488464E+000  0.810525774955750E+000  0.906744897365570E+000
  0.100000000000000E+001 -0.198462890096932E+004  0.279695805462706E+002  0.660009632500859E+000  0.209306714590999E+002  0.917773556800280E+002 -0.213246517175655E+001  0.665610074996948E+000  0.828874647617340E+000  0.914756357669830E+000
  0.100000000000000E+001 -0.198470739231141E+004  0.196431420316126E+002  0.818051229599199E+000  0.214624700224010E+002  0.849553613413207E+002 -0.214255635924109E+001  0.623838663101196E+000  0.821998059749603E+000  0.912794947624207E+000
  0.100000000000000E+001 -0.198472776283322E+004  0.246709537764979E+002  0.749216790397427E+000  0.203563144913352E+002  0.905607961353268E+002 -0.211821025053504E+001  0.646246016025543E+000  0.821550428867340E+000  0.913797438144684E+000
  0.100000000000000E+001 -0.198473595440670E+004  0.186469917741642E+002  0.834373733102714E+000  0.221160154825680E+002  0.851010690853928E+002 -0.212918499439601E+001  0.624875307083130E+000  0.824568212032318E+000  0.914339244365692E+000
  0.100000000000000E+001 -0.198476877797539E+004  0.210657100946324E+002  0.812406574077943E+000  0.207524709059407E+002  0.888688808806485E+002 -0.210839999195353E+001  0.633950769901276E+000  0.825853705406189E+000  0.915581583976746E+000
  0.100000000000000E+001 -0.198477537798169E+004  0.193774960108262E+002  0.782366009249530E+000  0.219206035138698E+002  0.771732226504797E+002 -0.211526446627181E+001  0.611562848091125E+000  0.808426201343536E+000  0.904330909252167E+000
  0.100000000000000E+001 -0.198478116580585E+004  0.241475874583381E+002  0.735974728971495E+000  0.213389599325036E+002  0.911010618408518E+002 -0.210609088727041E+001  0.654147565364838E+000  0.830083429813385E+000  0.918026864528656E+000
  0.100000000000000E+001 -0.198481064821281E+004  0.250550101931772E+002  0.718733938130965E+000  0.204473774800226E+002  0.851710440346012E+002 -0.210566516139868E+001  0.632793188095093E+000  0.809435009956360E+000  0.906437814235687E+000
  0.100000000000000E+001 -0.198481548409266E+004  0.187829215522492E+002  0.818798220456080E+000  0.222216609614244E+002  0.851179363108464E+002 -0.213639514941138E+001  0.635339319705963E+000  0.827969491481781E+000  0.915840685367584E+000
  0.100000000000000E+001 -0.198481559629919E+004  0.194084160810055E+002  0.785042832143904E+000  0.221587512231491E+002  0.791939513928718E+002 -0.210375148255914E+001  0.618719637393951E+000  0.813839793205261E+000  0.907401978969574E+000
  0.100000000000000E+001 -0.198483063843940E+004  0.182801874643962E+002  0.811978663495106E+000  0.218895532421439E+002  0.815595052477347E+002 -0.211935153108625E+001  0.632750093936920E+000  0.823316633701324E+000  0.912281930446625E+000
  0.100000000000000E+001 -0.198485396738464E+004  0.213414307248769E+002  0.747090903726772E+000  0.222332192269049E+002  0.849661276690391E+002 -0.211937851627048E+001  0.646012425422668E+000  0.828538656234741E+000  0.915525794029236E+000
  0.100000000000000E+001 -0.198485777368935E+004  0.201302170130247E+002  0.762000762175120E+000  0.222763059729290E+002  0.813401741235622E+002 -0.211334370053362E+001  0.635814428329468E+000  0.822288691997528E+000  0.911518037319183E+000
  0.100000000000000E+001 -0.198486120032979E+004  0.223453496870336E+002  0.745469241236021E+000  0.217043820216915E+002  0.826285920588177E+002 -0.210056502776851E+001  0.622485458850861E+000  0.813550472259521E+000  0.908082604408264E+000
  0.100000000000000E+001 -0.198490750742635E+004  0.187822980757726E+002  0.831807283748009E+000  0.217691087777589E+002  0.820984151934610E+002 -0.211590858341352E+001  0.609486401081085E+000  0.814739644527435E+000  0.908957362174988E+000
  0.100000000000000E+001 -0.198491052563962E+004  0.192303859565806E+002  0.790752369473786E+000  0.224555948749922E+002  0.823145110488445E+002 -0.210313258941159E+001  0.633243858814240E+000  0.823584496974945E+000  0.912784039974213E+000
  0.100000000000000E+001 -0.198493549022718E+004  0.205182626405713E+002  0.786845398127787E+000  0.219979129789406E+002  0.855315696075285E+002 -0.214204815396730E+001  0.633218824863434E+000  0.825355827808380E+000  0.914514064788818E+000
  0.100000000000000E+001 -0.198493927083561E+004  0.185710633248788E+002  0.824550814088912E+000  0.223897500425863E+002  0.850996481909530E+002 -0.212765779049711E+001  0.633410215377808E+000  0.827611148357391E+000  0.915783166885376E+000
  0.100000000000000E+001 -0.198496182095234E+004  0.198734302999736E+002  0.795354562003130E+000  0.210693409034089E+002  0.833305627158826E+002 -0.211590818230331E+001  0.633272945880890E+000  0.822495639324188E+000  0.912094712257385E+000
  0.100000000000000E+001 -0.198498441671361E+004  0.216965007490938E+002  0.786192995102628E+000  0.211225407249731E+002  0.893949742754786E+002 -0.213605898464732E+001  0.642676174640656E+000  0.829802811145782E+000  0.917492210865021E+000
  0.100000000000000E+001 -0.198498487230782E+004  0.221194554285053E+002  0.774498410299691E+000  0.208587074876620E+002  0.835964404893826E+002 -0.212773276633582E+001  0.616764783859253E+000  0.810905516147614E+000  0.907219111919403E+000
  0.100000000000000E+001 -0.198500765581220E+004  0.250303097327974E+002  0.707560650972463E+000  0.216535477539276E+002  0.899111999883036E+002 -0.213635499420760E+001  0.654859364032745E+000  0.827098786830902E+000  0.916096985340118E+000
  0.100000000000000E+001 -0.198503708982332E+004  0.224597882223109E+002  0.783164468445114E+000  0.208621712537028E+002  0.878804446668614E+002 -0.212797852003301E+001  0.629924476146698E+000  0.819865345954895E+000  0.912521183490753E+000
  0.100000000000000E+001 -0.198504820604896E+004  0.214676908411579E+002  0.766460934048193E+000  0.220404091744714E+002  0.886230721783548E+002 -0.211551427707877E+001  0.650591790676117E+000  0.833490371704102E+000  0.919176280498505E+000
  0.100000000000000E+001 -0.198505530404616E+004  0.163925505078223E+002  0.885445863586138E+000  0.211559775224736E+002  0.825762422714442E+002 -0.211128792866285E+001  0.621838271617889E+000  0.820764183998108E+000  0.911643207073212E+000
  0.100000000000000E+001 -0.198518854877624E+004  0.235143128645319E+002  0.724830287565968E+000  0.209353619531702E+002  0.854870897306381E+002 -0.212601172785539E+001  0.643909513950348E+000  0.821195781230927E+000  0.911707222461700E+000
  0.100000000000000E+001 -0.198520725648992E+004  0.179676682360212E+002  0.826075854216363E+000  0.220249150979393E+002  0.803306704398206E+002 -0.212027939105585E+001  0.618465125560760E+000  0.817223012447357E+000  0.909382641315460E+000
  0.100000000000000E+001 -0.198521162450298E+004  0.193040862443405E+002  0.806344276680295E+000  0.209793721162940E+002  0.805844448302951E+002 -0.212165801259080E+001  0.620194852352142E+000  0.814693689346313E+000  0.907877743244171E+000
  0.100000000000000E+001 -0.198524633267599E+004  0.229564675192852E+002  0.773497291565161E+000  0.208969426681240E+002  0.894687606157188E+002 -0.212291590165951E+001  0.638606131076813E+000  0.823860704898834E+000  0.914775431156158E+000
  0.100000000000000E+001 -0.198530837991937E+004  0.265419342369476E+002  0.677589514413172E+000  0.210175198892893E+002  0.886929203519860E+002 -0.212766859005793E+001  0.654893636703491E+000  0.822530090808868E+000  0.912205517292023E+000
  0.100000000000000E+001 -0.198531237909608E+004  0.247698523401123E+002  0.700431393066795E+000  0.219198254202467E+002  0.875331455875462E+002 -0.210971561400039E+001  0.648933112621307E+000  0.823368012905121E+000  0.913528144359589E+000
  0.100000000000000E+001 -0.198535337813567E+004  0.227091602694580E+002  0.727324780573664E+000  0.224306493896041E+002  0.861120784231047E+002 -0.211629983981693E+001  0.645398974418640E+000  0.827107369899750E+000  0.915040194988251E+000
  0.100000000000000E+001 -0.198538712966435E+004  0.191944389837978E+002  0.842026748362976E+000  0.212369836613965E+002  0.872434180774574E+002 -0.212074728939204E+001  0.628683626651764E+000  0.826076626777649E+000  0.915454983711243E+000
  0.100000000000000E+001 -0.198544217393965E+004  0.194717083042325E+002  0.788669109138683E+000  0.216951229408355E+002  0.784643535315231E+002 -0.211490992104776E+001  0.613233804702759E+000  0.810399949550629E+000  0.905551373958588E+000
  0.100000000000000E+001 -0.198546604111150E+004  0.191804338179668E+002  0.796307574687280E+000  0.224025722472212E+002  0.826038127390267E+002 -0.212337708720367E+001  0.631454169750214E+000  0.823356568813324E+000  0.912785172462463E+000
  0.100000000000000E+001 -0.198551103978086E+004  0.213782531992351E+002  0.748318256123230E+000  0.219973048999661E+002  0.837836809546206E+002 -0.210639206235418E+001  0.639398515224457E+000  0.824388861656189E+000  0.913202345371246E+000
  0.100000000000000E+001 -0.198551115484003E+004  0.231078148508716E+002  0.742798480751832E+000  0.218151198669225E+002  0.864045675416525E+002 -0.212805270055352E+001  0.634168207645416E+000  0.820526957511902E+000  0.912409842014313E+000
  0.100000000000000E+001 -0.198566692584906E+004  0.255138259638544E+002  0.702995432276068E+000  0.207753861089675E+002  0.879756908862190E+002 -0.211279674311248E+001  0.648967802524567E+000  0.819861292839050E+000  0.911645293235779E+000
  0.100000000000000E+001 -0.198582062761620E+004  0.199183234471641E+002  0.787920495937872E+000  0.222243593382109E+002  0.824927946249234E+002 -0.211574921182347E+001  0.624905526638031E+000  0.819683611392975E+000  0.911057889461517E+000
  0.100000000000000E+001 -0.198594266433996E+004  0.202867213058233E+002  0.806066371748972E+000  0.208014201321806E+002  0.842381580449952E+002 -0.211862994976630E+001  0.625158488750458E+000  0.819069027900696E+000  0.910941720008850E+000
  0.100000000000000E+001 -0.198609872466749E+004  0.210046610972792E+002  0.779723202637213E+000  0.212870229594446E+002  0.823740949021632E+002 -0.211899172822894E+001  0.616367697715759E+000  0.814044058322906E+000  0.908258974552155E+000
  0.100000000000000E+001 -0.198623618510840E+004  0.200282007444054E+002  0.789401263860502E+000  0.218650627043083E+002  0.825559035833513E+002 -0.211125890484425E+001  0.624302089214325E+000  0.819093286991119E+000  0.910692572593689E+000
