  0.100000000000000E+001 -0.196798028354146E+004  0.172377486014886E+002  0.110197331256973E+001  0.397646483825309E+002  0.928519651813677E+001 -0.209331651173480E+001  0.929170250892639E-001  0.499145209789276E+000  0.786869108676910E+000
  0.100000000000000E+001 -0.196796287923259E+004  0.195861318885031E+002  0.104501773689453E+001  0.356452156335858E+002  0.836026744610260E+001 -0.208891220181922E+001  0.867691189050674E-001  0.462892860174179E+000  0.761167228221893E+000
  0.100000000000000E+001 -0.196214398093501E+004  0.183853539241085E+002  0.108897845559127E+001  0.376330295134638E+002  0.679640414018438E+001 -0.205708988987947E+001  0.817025601863861E-001  0.468286514282227E+000  0.769857108592987E+000
  0.100000000000000E+001 -0.196796263964431E+004  0.178385969588379E+002  0.111300743783084E+001  0.366028429925870E+002  0.783159233472243E+001 -0.209139094981994E+001  0.893817096948624E-001  0.476860672235489E+000  0.774908661842346E+000
  0.100000000000000E+001 -0.196793052680673E+004  0.179866271366304E+002  0.109864974477163E+001  0.377509588526342E+002  0.882551824738870E+001 -0.209351878510342E+001  0.855116397142410E-001  0.478313744068146E+000  0.775569856166840E+000
  0.100000000000000E+001 -0.196790826980415E+004  0.163223687224805E+002  0.110777863833191E+001  0.407045137197650E+002  0.750861768652977E+001 -0.209853348387066E+001  0.112309314310551E+000  0.528411209583282E+000  0.798202097415924E+000
  0.100000000000000E+001 -0.196781948091430E+004  0.175999231602495E+002  0.111570568677280E+001  0.339363298814010E+002  0.615673731667232E+001 -0.208974614584326E+001  0.110285095870495E+000  0.491147488355637E+000  0.776588678359985E+000
  0.100000000000000E+001 -0.196779082496209E+004  0.172392314774880E+002  0.109796115228684E+001  0.382015439370338E+002  0.800455353415228E+001 -0.207478517303155E+001  0.103158310055733E+000  0.505124330520630E+000  0.786578834056854E+000
  0.100000000000000E+001 -0.196773325319940E+004  0.197513051640431E+002  0.107706835313322E+001  0.321781656954271E+002  0.758931877492897E+001 -0.209837038779692E+001  0.950548946857452E-001  0.450515627861023E+000  0.754627525806427E+000
  0.100000000000000E+001 -0.195762647952321E+004  0.200261181038762E+002  0.101394726698255E+001  0.359207424019377E+002  0.107243581308582E+002 -0.214443957678646E+001  0.911245420575142E-001  0.470854282379150E+000  0.761942625045776E+000
  0.100000000000000E+001 -0.194858344156526E+004  0.121984831256949E+002  0.122363761705697E+001  0.523782344426652E+002  0.133713213926363E+002 -0.208893055222548E+001  0.995681285858154E-001  0.577972829341888E+000  0.829277873039246E+000
  0.100000000000000E+001 -0.196770980701940E+004  0.173533402796047E+002  0.110330344891866E+001  0.350640763428212E+002  0.460671786318883E+001 -0.213857814838163E+001  0.114497020840645E+000  0.503965020179749E+000  0.781387805938721E+000
  0.100000000000000E+001 -0.196208421010989E+004  0.210249268463988E+002  0.102257157222885E+001  0.327755393259722E+002  0.678569053120797E+001 -0.211690282395989E+001  0.938845574855804E-001  0.446953654289246E+000  0.746715366840363E+000
  0.100000000000000E+001 -0.196770907056135E+004  0.166665589073114E+002  0.113283788985930E+001  0.367449168843244E+002  0.862094270701799E+001 -0.210442911189138E+001  0.109041780233383E+000  0.507881581783295E+000  0.789960563182831E+000
  0.100000000000000E+001 -0.196764012757845E+004  0.179652679872503E+002  0.110946669528571E+001  0.350302774672574E+002  0.102123953614527E+002 -0.212392775853585E+001  0.979069992899895E-001  0.481041014194489E+000  0.774595916271210E+000
  0.100000000000000E+001 -0.196763598980948E+004  0.179962331701132E+002  0.108434711406095E+001  0.359265556504030E+002  0.951648230318833E+001 -0.208085102102013E+001  0.102808237075806E+000  0.493431091308594E+000  0.777700364589691E+000
  0.100000000000000E+001 -0.196203615555359E+004  0.202379058508804E+002  0.104070422840358E+001  0.315627119053507E+002  0.128357495858883E+002 -0.212329689103207E+001  0.109233558177948E+000  0.468360364437103E+000  0.757922470569611E+000
  0.100000000000000E+001 -0.196761791028660E+004  0.178454938064211E+002  0.105921276394095E+001  0.377694471895694E+002  0.685919362027137E+001 -0.209926930880251E+001  0.109028413891792E+000  0.509036839008331E+000  0.782538354396820E+000
  0.100000000000000E+001 -0.196758613155210E+004  0.182225149251955E+002  0.106596623923899E+001  0.382989991050873E+002  0.844710221351918E+001 -0.213029418788880E+001  0.913066416978836E-001  0.489436060190201E+000  0.776764631271362E+000
  0.100000000000000E+001 -0.196201007030628E+004  0.183427422457857E+002  0.111803331608867E+001  0.335256832603676E+002  0.108412753758234E+002 -0.206986201872030E+001  0.952409282326698E-001  0.464981675148010E+000  0.767359673976898E+000
  0.100000000000000E+001 -0.196751031589022E+004  0.186312188427947E+002  0.108913444857433E+001  0.347817532533043E+002  0.910766087463458E+001 -0.213571180482560E+001  0.934951305389404E-001  0.469285458326340E+000  0.766898572444916E+000
  0.100000000000000E+001 -0.195728999697792E+004  0.167326498194663E+002  0.112815184317854E+001  0.377958466376312E+002  0.824848283594233E+001 -0.216994548345259E+001  0.103530794382095E+000  0.505110085010529E+000  0.789592683315277E+000
  0.100000000000000E+001 -0.196746010485514E+004  0.186099809999823E+002  0.106202895039782E+001  0.342189912068190E+002  0.439971257793546E+001 -0.213449204343355E+001  0.109374880790710E+000  0.486654162406921E+000  0.768150925636292E+000
  0.100000000000000E+001 -0.196744742887997E+004  0.164939900105027E+002  0.113004650667725E+001  0.388208633875651E+002  0.691343712409294E+001 -0.208002418432830E+001  0.103418916463852E+000  0.509381711483002E+000  0.792165935039520E+000
  0.100000000000000E+001 -0.196741414694078E+004  0.170448796765368E+002  0.112240742396794E+001  0.389945353590933E+002  0.493161848767149E+001 -0.208264644139429E+001  0.897295549511909E-001  0.492312997579575E+000  0.783978641033173E+000
  0.100000000000000E+001 -0.196737758266603E+004  0.183637523351739E+002  0.107177337492136E+001  0.347081763379113E+002  0.833374525436675E+001 -0.212765681633712E+001  0.108451627194881E+000  0.491033136844635E+000  0.773089349269867E+000
  0.100000000000000E+001 -0.196737466393841E+004  0.157443201314159E+002  0.115501991251796E+001  0.398138017693220E+002  0.615852256160642E+001 -0.211424172806095E+001  0.106056094169617E+000  0.517761409282684E+000  0.797721207141876E+000
  0.100000000000000E+001 -0.196730201960814E+004  0.184577998254843E+002  0.106647799348411E+001  0.379854908985239E+002  0.104399545315006E+002 -0.212255090352943E+001  0.874672606587410E-001  0.482250452041626E+000  0.774185776710510E+000
  0.100000000000000E+001 -0.196730131755318E+004  0.165737786856192E+002  0.110845131245764E+001  0.409422500478463E+002  0.640758815020042E+001 -0.207734616025779E+001  0.101389348506927E+000  0.517732501029968E+000  0.794194757938385E+000
  0.100000000000000E+001 -0.196729067466329E+004  0.181371299601725E+002  0.107030397037406E+001  0.389702650059819E+002  0.598831289402633E+001 -0.206998145201493E+001  0.873703062534332E-001  0.487880557775497E+000  0.776263535022736E+000
  0.100000000000000E+001 -0.196727424888826E+004  0.181873322635423E+002  0.110293308318571E+001  0.331592646857891E+002  0.889435945809591E+001 -0.209410250905674E+001  0.108156338334084E+000  0.482125282287598E+000  0.771042406558990E+000
  0.100000000000000E+001 -0.196719987216167E+004  0.188993791984325E+002  0.107691188631717E+001  0.357087735092357E+002  0.583550217244446E+001 -0.207220340532526E+001  0.867100507020950E-001  0.461738348007202E+000  0.762822091579437E+000
  0.100000000000000E+001 -0.196719807144535E+004  0.189624095879393E+002  0.107230304409521E+001  0.358715618208233E+002  0.965950707950814E+001 -0.207820256269120E+001  0.870420336723328E-001  0.464920789003372E+000  0.765258550643921E+000
  0.100000000000000E+001 -0.196715455198174E+004  0.165256423192675E+002  0.111753546962399E+001  0.407143253206107E+002  0.602182402992005E+001 -0.213358650685027E+001  0.985787808895111E-001  0.512811243534088E+000  0.793312489986420E+000
  0.100000000000000E+001 -0.195672918758810E+004  0.174449681381931E+002  0.116377376162293E+001  0.309163806117038E+002  0.970066404074401E+001 -0.213048368496316E+001  0.113871589303017E+000  0.476637959480286E+000  0.771751701831818E+000
  0.100000000000000E+001 -0.196707597670212E+004  0.185106936353178E+002  0.107466772858589E+001  0.357627685535309E+002  0.134144520522144E+002 -0.209552036157012E+001  0.965296626091003E-001  0.483052372932434E+000  0.773478686809540E+000
  0.100000000000000E+001 -0.196703891879498E+004  0.159599635610627E+002  0.114445681082119E+001  0.392484597628498E+002  0.803260983644969E+001 -0.209818343423115E+001  0.109995886683464E+000  0.518888890743256E+000  0.797946393489838E+000
  0.100000000000000E+001 -0.196700343465517E+004  0.179562632960664E+002  0.109453071035003E+001  0.337854046861531E+002  0.801085450260985E+001 -0.212437971147626E+001  0.113951355218887E+000  0.493856877088547E+000  0.775553166866302E+000
  0.100000000000000E+001 -0.196696427289665E+004  0.185579377462790E+002  0.110428265359400E+001  0.321797920702735E+002  0.632775753762829E+001 -0.208068810429811E+001  0.104212574660778E+000  0.467636168003082E+000  0.763859689235687E+000
  0.100000000000000E+001 -0.196694161887392E+004  0.177413782339169E+002  0.112876823599723E+001  0.353020408475878E+002  0.670722811061625E+001 -0.211684904912811E+001  0.920162945985794E-001  0.472155243158340E+000  0.772893726825714E+000
  0.100000000000000E+001 -0.196687016551455E+004  0.184236086739880E+002  0.106451297176506E+001  0.367618080530560E+002  0.938754156011840E+001 -0.213619012773093E+001  0.964695960283279E-001  0.487963497638702E+000  0.774230539798737E+000
  0.100000000000000E+001 -0.196686838228723E+004  0.189282641877305E+002  0.106046948451337E+001  0.364764814372448E+002  0.137649549123459E+002 -0.209667876044075E+001  0.891585797071457E-001  0.474838465452194E+000  0.769790291786194E+000
  0.100000000000000E+001 -0.196685677454505E+004  0.170531433220141E+002  0.108953759611694E+001  0.382428251875507E+002  0.935610452316352E+001 -0.211125872888445E+001  0.114535376429558E+000  0.518268227577209E+000  0.791322529315948E+000
  0.100000000000000E+001 -0.196683741950684E+004  0.195100677303540E+002  0.104559776657044E+001  0.328130990700068E+002  0.577754812990677E+001 -0.210062819982630E+001  0.107115104794502E+000  0.473825484514236E+000  0.760818541049957E+000
  0.100000000000000E+001 -0.196672711077877E+004  0.190723386342992E+002  0.102607710645810E+001  0.367626726523986E+002  0.444949933800453E+001 -0.209767279291957E+001  0.981391146779060E-001  0.485426485538483E+000  0.767273128032684E+000
  0.100000000000000E+001 -0.196668986053009E+004  0.183738258256598E+002  0.104566378187130E+001  0.382509061960083E+002  0.879732540064431E+001 -0.210352155046811E+001  0.978749319911003E-001  0.497590839862823E+000  0.777706325054169E+000
  0.100000000000000E+001 -0.196668354536495E+004  0.188871879261899E+002  0.110478676350720E+001  0.330018034720586E+002  0.552904626069806E+001 -0.208490340331957E+001  0.911710858345032E-001  0.450637668371201E+000  0.758918464183807E+000
  0.100000000000000E+001 -0.196665033851544E+004  0.183202129758847E+002  0.106852998821811E+001  0.339810399521441E+002  0.497665897668341E+001 -0.212596493189984E+001  0.115501813590527E+000  0.494393348693848E+000  0.771933376789093E+000
  0.100000000000000E+001 -0.196665017072228E+004  0.166981729580118E+002  0.113655816497685E+001  0.387811793446835E+002  0.715870362613588E+001 -0.212382389090998E+001  0.942989140748978E-001  0.497214049100876E+000  0.788331866264343E+000
  0.100000000000000E+001 -0.196169768805696E+004  0.179466630250229E+002  0.111076126708493E+001  0.381147954174923E+002  0.122557536001706E+002 -0.208450954435527E+001  0.797765180468559E-001  0.471631735563278E+000  0.776291608810425E+000
  0.100000000000000E+001 -0.196663544864506E+004  0.178903742410136E+002  0.111749495878999E+001  0.341760253240255E+002  0.511682218867142E+001 -0.214477967154706E+001  0.100160717964172E+000  0.476945787668228E+000  0.771152853965759E+000
  0.100000000000000E+001 -0.196650962287551E+004  0.189951228354802E+002  0.104036313256722E+001  0.381673537288533E+002  0.879492322807681E+001 -0.211395551803208E+001  0.857994109392166E-001  0.478002905845642E+000  0.769055783748627E+000
  0.100000000000000E+001 -0.196649745393669E+004  0.175519184164492E+002  0.109372688887949E+001  0.344295206844294E+002  0.612767217327012E+001 -0.212188388446583E+001  0.119578987360001E+000  0.506106376647949E+000  0.780728816986084E+000
  0.100000000000000E+001 -0.196642624032505E+004  0.178908858834910E+002  0.113322983798098E+001  0.325202153299749E+002  0.785691815743416E+001 -0.210578428384034E+001  0.104670047760010E+000  0.473621904850006E+000  0.770011007785797E+000
  0.100000000000000E+001 -0.196641016117614E+004  0.177713168430381E+002  0.108380470717541E+001  0.353598745432082E+002  0.504110711418817E+001 -0.207087528600418E+001  0.111880674958229E+000  0.500798702239990E+000  0.778321087360382E+000
  0.100000000000000E+001 -0.196628212046880E+004  0.175606422666082E+002  0.108302466182768E+001  0.376054479279272E+002  0.933061400341954E+001 -0.207455996619158E+001  0.105466023087502E+000  0.505475223064423E+000  0.784634292125702E+000
  0.100000000000000E+001 -0.196628190938729E+004  0.179689202898051E+002  0.110681480787165E+001  0.344799154114108E+002  0.720991474031046E+001 -0.214547202652090E+001  0.102147012948990E+000  0.482571244239807E+000  0.773173630237579E+000
  0.100000000000000E+001 -0.195466796536107E+004  0.213524162827337E+002  0.104026499584522E+001  0.292462252604362E+002  0.631850943399820E+001 -0.210770533575691E+001  0.114932477474213E+000  0.450090765953064E+000  0.739021480083466E+000
  0.100000000000000E+001 -0.196627805498461E+004  0.180159182438529E+002  0.110452009647130E+001  0.363003143257758E+002  0.702564878762909E+001 -0.206938880784671E+001  0.906866341829300E-001  0.476420044898987E+000  0.773028373718262E+000
  0.100000000000000E+001 -0.196622050196211E+004  0.185620343945240E+002  0.106360449705314E+001  0.394981770369216E+002  0.485180058335292E+001 -0.210065563726741E+001  0.771414786577225E-001  0.474446296691895E+000  0.770321726799011E+000
  0.100000000000000E+001 -0.196620420962179E+004  0.189946121366602E+002  0.109184282008672E+001  0.349450585136530E+002  0.479234278761269E+001 -0.212048986289430E+001  0.827876552939415E-001  0.448011100292206E+000  0.758800268173218E+000
  0.100000000000000E+001 -0.196618702457013E+004  0.159416002074871E+002  0.113605034597325E+001  0.386897075769085E+002  0.503340141739690E+001 -0.207365913009728E+001  0.118025720119476E+000  0.525606095790863E+000  0.797586560249329E+000
  0.100000000000000E+001 -0.196604828204138E+004  0.178724200414345E+002  0.108345864379458E+001  0.353200030371431E+002  0.102351488966402E+002 -0.209459589513830E+001  0.110751643776894E+000  0.500840663909912E+000  0.780004680156708E+000
  0.100000000000000E+001 -0.196163891138172E+004  0.176453794797862E+002  0.111631385637162E+001  0.348927967969999E+002  0.167836991772880E+002 -0.211148282858761E+001  0.103494584560394E+000  0.491700410842896E+000  0.780208528041840E+000
  0.100000000000000E+001 -0.196604769372953E+004  0.181162405585975E+002  0.106383887059820E+001  0.378664301653404E+002  0.126524819125120E+002 -0.210831875421042E+001  0.985508486628532E-001  0.498267829418182E+000  0.780974209308624E+000
  0.100000000000000E+001 -0.196600846834393E+004  0.170600661787213E+002  0.112241377697154E+001  0.382839238560220E+002  0.513505601178659E+001 -0.206829000662712E+001  0.929910168051720E-001  0.493422567844391E+000  0.783726990222931E+000
  0.100000000000000E+001 -0.196600820915936E+004  0.172960250734137E+002  0.108065208061768E+001  0.377600131835708E+002  0.923175489131421E+001 -0.211589682854000E+001  0.114725485444069E+000  0.516432464122772E+000  0.788909852504730E+000
  0.100000000000000E+001 -0.196597198362037E+004  0.184262464669791E+002  0.107060589200295E+001  0.334967235037763E+002  0.546331306934761E+001 -0.208812721256973E+001  0.115327686071396E+000  0.490889668464661E+000  0.770245432853699E+000
  0.100000000000000E+001 -0.196585061160068E+004  0.178788479780590E+002  0.107298067292415E+001  0.393275312874650E+002  0.122793914721311E+002 -0.208595906168782E+001  0.929336547851562E-001  0.497250854969025E+000  0.783194422721863E+000
  0.100000000000000E+001 -0.196583567197906E+004  0.198103179569426E+002  0.106603076944276E+001  0.333797609279197E+002  0.127208152248201E+002 -0.209780087206582E+001  0.916519612073898E-001  0.455578774213791E+000  0.759133398532867E+000
  0.100000000000000E+001 -0.196580350509066E+004  0.185760685236666E+002  0.108441042014837E+001  0.371407533775797E+002  0.454848532054558E+001 -0.213523398436953E+001  0.816200077533722E-001  0.463270038366318E+000  0.766208291053772E+000
  0.100000000000000E+001 -0.196533416262341E+004  0.187222482704960E+002  0.105809176180903E+001  0.355636533243993E+002  0.829345928130340E+001 -0.206634968907626E+001  0.100249484181404E+000  0.484063982963562E+000  0.769807159900665E+000
  0.100000000000000E+001 -0.196512248388371E+004  0.183445259060799E+002  0.106450553338604E+001  0.399997446279445E+002  0.709418921406705E+001 -0.211709563450667E+001  0.804232507944107E-001  0.482986330986023E+000  0.774788737297058E+000
  0.100000000000000E+001 -0.196508540900185E+004  0.170197667466427E+002  0.113329403175620E+001  0.343375009065101E+002  0.713162801035688E+001 -0.213340689877126E+001  0.113550782203674E+000  0.500676155090332E+000  0.783377587795258E+000
  0.100000000000000E+001 -0.196492601309161E+004  0.184806484439356E+002  0.109524616227458E+001  0.321630384788456E+002  0.646634669063501E+001 -0.207470666410756E+001  0.110943228006363E+000  0.477433890104294E+000  0.766151249408722E+000
  0.100000000000000E+001 -0.196153218506290E+004  0.168119623412229E+002  0.113972789554340E+001  0.399500730587929E+002  0.964114410955909E+001 -0.210855671046753E+001  0.848205834627151E-001  0.487766355276108E+000  0.787669360637665E+000
  0.100000000000000E+001 -0.196486727885649E+004  0.201985951736726E+002  0.103613297545765E+001  0.346292314568178E+002  0.751395961897536E+001 -0.207794544495536E+001  0.880144536495209E-001  0.454277008771896E+000  0.755073368549347E+000
  0.100000000000000E+001 -0.196486079099284E+004  0.174888543487613E+002  0.108336011123423E+001  0.385356792589639E+002  0.138601838131879E+002 -0.211079891625242E+001  0.103271916508675E+000  0.507463812828064E+000  0.788279235363007E+000
  0.100000000000000E+001 -0.196477841227205E+004  0.170591778761528E+002  0.111063974142906E+001  0.361246916219177E+002  0.485163150747078E+001 -0.206224052289442E+001  0.111562058329582E+000  0.507070302963257E+000  0.785031914710999E+000
  0.100000000000000E+001 -0.196476373748813E+004  0.195802981042623E+002  0.108180115485535E+001  0.321497763214439E+002  0.119301712395540E+002 -0.213309118651414E+001  0.971327126026154E-001  0.456728518009186E+000  0.758992373943329E+000
  0.100000000000000E+001 -0.196474011069266E+004  0.179623221212332E+002  0.111158782229881E+001  0.354267411826649E+002  0.124934754426314E+002 -0.213197847362920E+001  0.946394056081772E-001  0.479725956916809E+000  0.775593817234039E+000
  0.100000000000000E+001 -0.196537458303389E+004  0.193771607907170E+002  0.103248894433035E+001  0.382575671511174E+002  0.748383857762034E+001 -0.209227296545211E+001  0.805481374263763E-001  0.468155741691589E+000  0.763868510723114E+000
  0.100000000000000E+001 -0.196467964529432E+004  0.175917881536971E+002  0.109086758784489E+001  0.355875360310173E+002  0.999936861043038E+001 -0.213131601567345E+001  0.112269163131714E+000  0.505526781082153E+000  0.783079028129578E+000
  0.100000000000000E+001 -0.196147854235081E+004  0.166009568977173E+002  0.107842098317679E+001  0.403061367839470E+002  0.729224037388359E+001 -0.207916426636858E+001  0.124536067247391E+000  0.539525806903839E+000  0.798172116279602E+000
  0.100000000000000E+001 -0.196466729320223E+004  0.182315769337148E+002  0.109615639764791E+001  0.323327055333429E+002  0.880454213879693E+001 -0.212530349830374E+001  0.116505712270737E+000  0.487498641014099E+000  0.771194159984589E+000
  0.100000000000000E+001 -0.196449232154322E+004  0.153289830008890E+002  0.115426873317350E+001  0.432127257726673E+002  0.543713335272354E+001 -0.211776029649926E+001  0.100240901112556E+000  0.529189229011536E+000  0.803273856639862E+000
  0.100000000000000E+001 -0.196439745514463E+004  0.149457909553555E+002  0.114379453165973E+001  0.430204454215764E+002  0.570682790953329E+001 -0.209214495362363E+001  0.122473970055580E+000  0.551371574401855E+000  0.810306549072266E+000
  0.100000000000000E+001 -0.196432655584065E+004  0.170029310883762E+002  0.109772120852101E+001  0.402002525159376E+002  0.132212000130196E+002 -0.208735650181730E+001  0.100618094205856E+000  0.512323915958405E+000  0.793114840984344E+000
  0.100000000000000E+001 -0.196430063514326E+004  0.198655083411055E+002  0.103569055351165E+001  0.343767015206270E+002  0.869901713552202E+001 -0.213766916845793E+001  0.951405018568039E-001  0.466565310955048E+000  0.759887516498566E+000
  0.100000000000000E+001 -0.196415527048513E+004  0.186117989900548E+002  0.109669410666003E+001  0.365551441383196E+002  0.633964820754379E+001 -0.207946218587291E+001  0.800916254520416E-001  0.456268280744553E+000  0.764750599861145E+000
  0.100000000000000E+001 -0.196414868096007E+004  0.169364292343334E+002  0.112257722894236E+001  0.389402840410630E+002  0.964763735497425E+001 -0.213813528896098E+001  0.949175208806992E-001  0.498162895441055E+000  0.788321316242218E+000
  0.100000000000000E+001 -0.196400800004899E+004  0.157896762659304E+002  0.115687481561166E+001  0.415184100493655E+002  0.633222084331221E+001 -0.209213541877579E+001  0.943640619516373E-001  0.511496126651764E+000  0.797068655490875E+000
  0.100000000000000E+001 -0.196133234763332E+004  0.178338853527946E+002  0.108883844055290E+001  0.360337070278532E+002  0.114837055604914E+002 -0.215236177627748E+001  0.103921338915825E+000  0.497224867343903E+000  0.780600070953369E+000
  0.100000000000000E+001 -0.196394269851688E+004  0.193916770704961E+002  0.102767932500253E+001  0.387737961721649E+002  0.451076348626718E+001 -0.208321535418078E+001  0.785401463508606E-001  0.468846529722214E+000  0.762836098670959E+000
  0.100000000000000E+001 -0.196386340888772E+004  0.179821333371102E+002  0.110869347339701E+001  0.323728969570405E+002  0.869590076047682E+001 -0.208575457567790E+001  0.116188287734985E+000  0.488386541604996E+000  0.772993803024292E+000
  0.100000000000000E+001 -0.196375731867162E+004  0.182673706307229E+002  0.105419054924151E+001  0.356307629465073E+002  0.844954378535933E+001 -0.211362155913583E+001  0.113425672054291E+000  0.503546655178070E+000  0.777398347854614E+000
  0.100000000000000E+001 -0.196547924631539E+004  0.182322329871927E+002  0.110060237346490E+001  0.368410969098534E+002  0.128375032960582E+002 -0.210033076337774E+001  0.852228626608849E-001  0.472260951995850E+000  0.773659050464630E+000
  0.100000000000000E+001 -0.196323092555088E+004  0.179089506520574E+002  0.111319525410865E+001  0.345504804497191E+002  0.107036116861011E+002 -0.214615949939983E+001  0.100571088492870E+000  0.482385337352753E+000  0.775020539760590E+000
  0.100000000000000E+001 -0.196313716213380E+004  0.180760935863132E+002  0.108973589090433E+001  0.395896677801978E+002  0.944760455635802E+001 -0.207967458507079E+001  0.781779959797859E-001  0.475748181343079E+000  0.776142776012421E+000
  0.100000000000000E+001 -0.196313656053538E+004  0.175921511070128E+002  0.111542387813084E+001  0.391145665163080E+002  0.861442553614163E+001 -0.209110330975974E+001  0.803521275520325E-001  0.476611167192459E+000  0.778970301151276E+000
  0.100000000000000E+001 -0.196312708633298E+004  0.198683574337721E+002  0.108675082240361E+001  0.321650109546393E+002  0.432062102131550E+001 -0.212938333451083E+001  0.894662439823151E-001  0.436015278100967E+000  0.748204052448273E+000
  0.100000000000000E+001 -0.196301181238133E+004  0.178942867532434E+002  0.108204930992538E+001  0.400130709579898E+002  0.153264822185695E+002 -0.210046848454853E+001  0.855482816696167E-001  0.490818083286285E+000  0.783381521701813E+000
  0.100000000000000E+001 -0.196295859353317E+004  0.205093136106671E+002  0.102651845497313E+001  0.330571688124276E+002  0.694463217850723E+001 -0.213528194531891E+001  0.979325026273727E-001  0.458186089992523E+000  0.752693951129913E+000
  0.100000000000000E+001 -0.195913534822551E+004  0.194420438923999E+002  0.108541414240249E+001  0.324241505737071E+002  0.121480629427193E+002 -0.205451161459970E+001  0.958510786294937E-001  0.457251340150833E+000  0.760267794132233E+000
  0.100000000000000E+001 -0.196277878257729E+004  0.161194941554643E+002  0.114405206979750E+001  0.394536053835645E+002  0.127712083046230E+002 -0.211348722300030E+001  0.105217717587948E+000  0.513988256454468E+000  0.797220885753632E+000
  0.100000000000000E+001 -0.196270588961941E+004  0.145033854881356E+002  0.118410837221262E+001  0.411941168875502E+002  0.485614022479522E+001 -0.213814547880942E+001  0.120924070477486E+000  0.537526190280914E+000  0.808285892009735E+000
  0.100000000000000E+001 -0.196552179348562E+004  0.198662154249087E+002  0.108208259675763E+001  0.314168205964102E+002  0.525637422223950E+001 -0.212914010301151E+001  0.970680564641953E-001  0.444446325302124E+000  0.750161767005920E+000
  0.100000000000000E+001 -0.196240485616358E+004  0.192444335309772E+002  0.105552082159537E+001  0.362541045490410E+002  0.188483919392959E+002 -0.208479657185517E+001  0.862528085708618E-001  0.471641182899475E+000  0.770009398460388E+000
  0.100000000000000E+001 -0.196032666428343E+004  0.166865675751612E+002  0.112870279516922E+001  0.399063362678491E+002  0.124511107941605E+002 -0.213797000676524E+001  0.943854749202728E-001  0.501618564128876E+000  0.792051851749420E+000
  0.100000000000000E+001 -0.196065712158157E+004  0.162230912189886E+002  0.115528563587574E+001  0.410005413328024E+002  0.843915333614451E+001 -0.209973919900882E+001  0.870921760797501E-001  0.496782690286636E+000  0.792545497417450E+000
  0.100000000000000E+001 -0.196016525993774E+004  0.152088080763701E+002  0.114426027763766E+001  0.382383024667237E+002  0.634006815948030E+001 -0.210023664770185E+001  0.142563983798027E+000  0.548663139343262E+000  0.806945145130157E+000
  0.100000000000000E+001 -0.196065980285056E+004  0.170235949317272E+002  0.111545444502661E+001  0.344371479115638E+002  0.844159008453019E+001 -0.213881783155192E+001  0.122826978564262E+000  0.513208508491516E+000  0.786976754665375E+000
  0.100000000000000E+001 -0.196119295097562E+004  0.201112767445464E+002  0.105331307849588E+001  0.343897172848881E+002  0.179844131600473E+002 -0.212440483670997E+001  0.868275836110115E-001  0.455354273319244E+000  0.760592877864838E+000
  0.100000000000000E+001 -0.196072727193708E+004  0.169969906015319E+002  0.110831546261395E+001  0.354714078053315E+002  0.995971647141644E+001 -0.213604679205487E+001  0.121650069952011E+000  0.516592025756836E+000  0.789367377758026E+000
  0.100000000000000E+001 -0.196085536230351E+004  0.207181594958352E+002  0.104463716750381E+001  0.325748794901480E+002  0.187436833151993E+002 -0.210978381103806E+001  0.936956331133842E-001  0.452380061149597E+000  0.754871666431427E+000
  0.100000000000000E+001 -0.195977430970918E+004  0.189581189815435E+002  0.110277425651750E+001  0.333533484480618E+002  0.177666386359342E+002 -0.207916037611292E+001  0.914614051580429E-001  0.460572540760040E+000  0.765317797660828E+000
  0.100000000000000E+001 -0.195973169001892E+004  0.176983785579506E+002  0.111183444131430E+001  0.353406521136326E+002  0.182806236260385E+002 -0.208377753864373E+001  0.101586878299713E+000  0.491227358579636E+000  0.780623614788055E+000
  0.100000000000000E+001 -0.195962764057707E+004  0.200599453861785E+002  0.107131692395004E+001  0.344014557243425E+002  0.109835803727145E+002 -0.210818598041216E+001  0.793638229370117E-001  0.437736988067627E+000  0.753724038600922E+000
  0.100000000000000E+001 -0.195934692062767E+004  0.174942335772782E+002  0.112163969495189E+001  0.398663076010884E+002  0.653826728023499E+001 -0.207716934454676E+001  0.757365301251411E-001  0.472865313291550E+000  0.778510510921478E+000
  0.100000000000000E+001 -0.196107249798522E+004  0.209228773239809E+002  0.102826012786216E+001  0.327641284178714E+002  0.171463822562844E+002 -0.208921611748130E+001  0.955652222037315E-001  0.455163955688477E+000  0.753871738910675E+000
  0.100000000000000E+001 -0.196801182242697E+004  0.192237041524646E+002  0.106376366403630E+001  0.341300084864469E+002  0.114781799048257E+002 -0.211387250838241E+001  0.957738906145096E-001  0.470106959342957E+000  0.765242993831635E+000
  0.100000000000000E+001 -0.196804722295117E+004  0.186544295717914E+002  0.107821935874622E+001  0.362175554300371E+002  0.837532296863196E+001 -0.207723425643187E+001  0.888876393437386E-001  0.471185654401779E+000  0.768019974231720E+000
  0.100000000000000E+001 -0.196806964722696E+004  0.160222978844844E+002  0.114496314780749E+001  0.398576171738059E+002  0.597930957815605E+001 -0.211933626352203E+001  0.102752417325974E+000  0.514047443866730E+000  0.795640885829926E+000
  0.100000000000000E+001 -0.196810916963361E+004  0.189235025764976E+002  0.109996870297736E+001  0.314052291236059E+002  0.470948790648777E+001 -0.212703236398229E+001  0.102011606097221E+000  0.459424018859863E+000  0.758831560611725E+000
  0.100000000000000E+001 -0.196812559193003E+004  0.172161922087266E+002  0.113576393693710E+001  0.351321354630207E+002  0.647218005248645E+001 -0.210713638147679E+001  0.101439952850342E+000  0.488630831241608E+000  0.779626429080963E+000
  0.100000000000000E+001 -0.196814343521613E+004  0.163572154862736E+002  0.112972505213686E+001  0.376439823075878E+002  0.731499974693125E+001 -0.210045295874463E+001  0.115501627326012E+000  0.518035769462585E+000  0.794217824935913E+000
  0.100000000000000E+001 -0.196816063909858E+004  0.198386525491816E+002  0.104454992163500E+001  0.346533417422969E+002  0.451667548571104E+001 -0.209190549614570E+001  0.881407409906387E-001  0.455572426319122E+000  0.755738675594330E+000
  0.100000000000000E+001 -0.196819999243607E+004  0.173731587679104E+002  0.107387587714396E+001  0.383251432166274E+002  0.621672629930809E+001 -0.212158623242860E+001  0.111922428011894E+000  0.515783548355103E+000  0.787199795246124E+000
  0.100000000000000E+001 -0.196821075762996E+004  0.171791829054936E+002  0.109974813408909E+001  0.405686532562939E+002  0.761758955591424E+001 -0.210000175984620E+001  0.910979956388474E-001  0.501557171344757E+000  0.787284731864929E+000
  0.100000000000000E+001 -0.196824924215331E+004  0.175706799226110E+002  0.110580743081992E+001  0.366437258573951E+002  0.988829400585914E+001 -0.212780358974445E+001  0.981356948614120E-001  0.493220359086990E+000  0.781240046024323E+000
  0.100000000000000E+001 -0.196826990950507E+004  0.164664909905403E+002  0.113167591386093E+001  0.375964197948836E+002  0.544303588933591E+001 -0.213511365557021E+001  0.109430059790611E+000  0.511054337024689E+000  0.791192710399628E+000
  0.100000000000000E+001 -0.196827260372155E+004  0.196754940821836E+002  0.104927288534198E+001  0.346268941579904E+002  0.895625764126763E+001 -0.209413619658851E+001  0.907533392310143E-001  0.462321221828461E+000  0.760302424430847E+000
  0.100000000000000E+001 -0.196830340429915E+004  0.177737302446833E+002  0.111889486876485E+001  0.341711332374116E+002  0.471556931888440E+001 -0.208320266299583E+001  0.102088391780853E+000  0.480266600847244E+000  0.772446334362030E+000
  0.100000000000000E+001 -0.196838479195607E+004  0.187569942233824E+002  0.109191851552714E+001  0.323674944189767E+002  0.894780017195040E+001 -0.210477116571610E+001  0.104922071099281E+000  0.470971941947937E+000  0.765287339687347E+000
  0.100000000000000E+001 -0.196840606517594E+004  0.154845889929599E+002  0.113402181396925E+001  0.412949081670356E+002  0.454683438791823E+001 -0.211995884920442E+001  0.119236022233963E+000  0.539170622825623E+000  0.804006814956665E+000
  0.100000000000000E+001 -0.196840775162061E+004  0.189172963680490E+002  0.107610226107378E+001  0.355472443454893E+002  0.996252625039492E+001 -0.208917434394332E+001  0.883452743291855E-001  0.465211033821106E+000  0.765553772449493E+000
  0.100000000000000E+001 -0.196841237891932E+004  0.151021934458295E+002  0.115810135547474E+001  0.408115983949238E+002  0.425470555231923E+001 -0.210800171442992E+001  0.119416311383247E+000  0.536542892456055E+000  0.804584801197052E+000
  0.100000000000000E+001 -0.196843171804266E+004  0.184272499994652E+002  0.107827517430770E+001  0.375634296255016E+002  0.972928179678713E+001 -0.209256513416370E+001  0.857713520526886E-001  0.476503789424896E+000  0.772424876689911E+000
  0.100000000000000E+001 -0.196845512344924E+004  0.154055892596209E+002  0.115230521195056E+001  0.407546639894541E+002  0.491771786044833E+001 -0.210030857985849E+001  0.113258346915245E+000  0.529978513717651E+000  0.801996290683746E+000
  0.100000000000000E+001 -0.196849178737879E+004  0.181037484605445E+002  0.108010495358315E+001  0.345643750264610E+002  0.721701022564607E+001 -0.211992518862995E+001  0.111778140068054E+000  0.495061814785004E+000  0.775150179862976E+000
  0.100000000000000E+001 -0.196849950704608E+004  0.173277398872811E+002  0.110616554595321E+001  0.366417779632308E+002  0.989723146820141E+001 -0.211710454969128E+001  0.104976952075958E+000  0.502087712287903E+000  0.784874141216278E+000
  0.100000000000000E+001 -0.196852143116093E+004  0.195614077931817E+002  0.106749887516399E+001  0.316781128044394E+002  0.610091292015862E+001 -0.211791559582805E+001  0.104967385530472E+000  0.463472425937653E+000  0.757511317729950E+000
  0.100000000000000E+001 -0.196858546334793E+004  0.175043491807309E+002  0.108604607839015E+001  0.379480081344328E+002  0.731181296423431E+001 -0.213494920971987E+001  0.103051334619522E+000  0.503531873226166E+000  0.783958733081818E+000
  0.100000000000000E+001 -0.196862387467585E+004  0.163102415981675E+002  0.113543156906682E+001  0.383040898520925E+002  0.566190474799285E+001 -0.213173887645258E+001  0.108154565095901E+000  0.513081431388855E+000  0.793088495731354E+000
  0.100000000000000E+001 -0.196869406126305E+004  0.178676703296722E+002  0.112716831729862E+001  0.328044600577204E+002  0.549385462686686E+001 -0.210913486339678E+001  0.105319723486900E+000  0.475633978843689E+000  0.769829332828522E+000
  0.100000000000000E+001 -0.196870585522736E+004  0.186878139241287E+002  0.108668215969100E+001  0.363309317078333E+002  0.455561783607545E+001 -0.211385972293035E+001  0.830562040209770E-001  0.459668815135956E+000  0.763955652713776E+000
  0.100000000000000E+001 -0.196872428976683E+004  0.168754089745636E+002  0.109328747307061E+001  0.408625361729274E+002  0.504358905943303E+001 -0.212665245170916E+001  0.100581198930740E+000  0.516617238521576E+000  0.791396915912628E+000
  0.100000000000000E+001 -0.196875014601285E+004  0.194665464529160E+002  0.108009583500705E+001  0.322092717478544E+002  0.646701861284573E+001 -0.209415266554928E+001  0.972620248794556E-001  0.455407559871674E+000  0.756785452365875E+000
  0.100000000000000E+001 -0.196881436420270E+004  0.194483413380057E+002  0.108089268343644E+001  0.316369547586910E+002  0.466224717332478E+001 -0.212278612243099E+001  0.100506618618965E+000  0.455687403678894E+000  0.755333840847015E+000
  0.100000000000000E+001 -0.196881547527298E+004  0.174981354920495E+002  0.109349710388822E+001  0.378684306210905E+002  0.765296947996676E+001 -0.213502675360132E+001  0.995159447193146E-001  0.499249637126923E+000  0.783113300800323E+000
  0.100000000000000E+001 -0.196884308302707E+004  0.186062506202538E+002  0.110855680369854E+001  0.329045327738809E+002  0.649574895158737E+001 -0.211771212776119E+001  0.966012775897980E-001  0.460035890340805E+000  0.762674629688263E+000
  0.100000000000000E+001 -0.196884472419768E+004  0.193633941224902E+002  0.105814441820458E+001  0.350910665550414E+002  0.977863906673839E+001 -0.211298207726050E+001  0.890301167964935E-001  0.464216947555542E+000  0.763018548488617E+000
  0.100000000000000E+001 -0.196887953067198E+004  0.178003705399141E+002  0.109032662474610E+001  0.382153993637842E+002  0.871410409276429E+001 -0.212461903940923E+001  0.911240279674530E-001  0.489531874656677E+000  0.779644906520844E+000
  0.100000000000000E+001 -0.196889135283078E+004  0.169056819186642E+002  0.111356453315021E+001  0.385584341961463E+002  0.640604946904880E+001 -0.213549758851753E+001  0.101542651653290E+000  0.505677759647369E+000  0.788256108760834E+000
  0.100000000000000E+001 -0.196890356387724E+004  0.169641887282368E+002  0.111069386296324E+001  0.376787985403517E+002  0.761594490742560E+001 -0.208576789196392E+001  0.107172474265099E+000  0.508234322071075E+000  0.788452267646790E+000
  0.100000000000000E+001 -0.196890798106910E+004  0.183440118057286E+002  0.107355590875626E+001  0.367187525237358E+002  0.517368915829069E+001 -0.214239833234032E+001  0.936743542551994E-001  0.482284963130951E+000  0.771596014499664E+000
  0.100000000000000E+001 -0.196891114190692E+004  0.171661908034813E+002  0.111257770151026E+001  0.380745917393376E+002  0.581868777827583E+001 -0.213704191868422E+001  0.967181175947189E-001  0.497096389532089E+000  0.784043252468109E+000
  0.100000000000000E+001 -0.196895860655701E+004  0.189059079290158E+002  0.106629089958846E+001  0.338045125033985E+002  0.742487956561454E+001 -0.209276155654487E+001  0.103768467903137E+000  0.476608693599701E+000  0.765757143497467E+000
  0.100000000000000E+001 -0.196899626714237E+004  0.182063756911056E+002  0.105053941357873E+001  0.389359972519101E+002  0.610135571619908E+001 -0.210321672814380E+001  0.957362353801727E-001  0.498921304941177E+000  0.778251647949219E+000
  0.100000000000000E+001 -0.196902258504908E+004  0.165308644660163E+002  0.112026904874060E+001  0.394871892248098E+002  0.471853124798614E+001 -0.207629869864712E+001  0.102870434522629E+000  0.512293219566345E+000  0.791868329048157E+000
  0.100000000000000E+001 -0.196904534113445E+004  0.180259983879227E+002  0.111487265984030E+001  0.333009162426682E+002  0.578051359896714E+001 -0.209518169299615E+001  0.104214906692505E+000  0.476961046457291E+000  0.769702911376953E+000
  0.100000000000000E+001 -0.196906646061686E+004  0.163012584814069E+002  0.112524359701681E+001  0.393762983598517E+002  0.766591979512115E+001 -0.210724757015598E+001  0.109767749905586E+000  0.519000530242920E+000  0.795988321304321E+000
  0.100000000000000E+001 -0.196906834746896E+004  0.195524490051259E+002  0.107874620845339E+001  0.316905188429181E+002  0.526450025501738E+001 -0.211175228915053E+001  0.998056679964066E-001  0.454576700925827E+000  0.754928886890411E+000
  0.100000000000000E+001 -0.196908288048488E+004  0.180901347194960E+002  0.107590929564201E+001  0.369321688730209E+002  0.757820850956568E+001 -0.213430773803728E+001  0.977592021226883E-001  0.491481125354767E+000  0.776607811450958E+000
  0.100000000000000E+001 -0.196908818692291E+004  0.175116264113125E+002  0.111703056065109E+001  0.358920073051470E+002  0.794922368268575E+001 -0.212515255604202E+001  0.991533398628235E-001  0.489214241504669E+000  0.779230892658234E+000
  0.100000000000000E+001 -0.196917627129790E+004  0.176326115486587E+002  0.107192482903348E+001  0.370127607959593E+002  0.498697175285738E+001 -0.209428970595795E+001  0.111491374671459E+000  0.509002983570099E+000  0.782536208629608E+000
  0.100000000000000E+001 -0.196918308929680E+004  0.185714452457634E+002  0.105596693125105E+001  0.376605178942251E+002  0.797881258854798E+001 -0.211826317802616E+001  0.912498980760574E-001  0.484657824039459E+000  0.772626817226410E+000
  0.100000000000000E+001 -0.196925080519567E+004  0.172103984541677E+002  0.110846143779537E+001  0.365309254058313E+002  0.865754356024060E+001 -0.211007391439080E+001  0.107684269547462E+000  0.504657924175262E+000  0.785588622093201E+000
  0.100000000000000E+001 -0.196925414633187E+004  0.178134458751265E+002  0.107182935159391E+001  0.383551267729456E+002  0.847525652844046E+001 -0.209259776905303E+001  0.995795428752899E-001  0.500882565975189E+000  0.782109618186951E+000
  0.100000000000000E+001 -0.196929999658564E+004  0.176903902296699E+002  0.112045940273062E+001  0.346553685896266E+002  0.622733624529038E+001 -0.209939667888242E+001  0.100743696093559E+000  0.482399582862854E+000  0.774626612663269E+000
  0.100000000000000E+001 -0.196934877421154E+004  0.165525126333594E+002  0.110979222467710E+001  0.375345229440754E+002  0.465287807329670E+001 -0.211505782674740E+001  0.120857909321785E+000  0.522711575031281E+000  0.792673647403717E+000
  0.100000000000000E+001 -0.196936302274738E+004  0.186243225028017E+002  0.109184146437672E+001  0.334248154119223E+002  0.463911621267940E+001 -0.208454481633762E+001  0.996459871530533E-001  0.468194246292114E+000  0.763436496257782E+000
  0.100000000000000E+001 -0.196938434464745E+004  0.182076533733076E+002  0.110232194506601E+001  0.359231293091136E+002  0.466111035012032E+001 -0.208834780458504E+001  0.889402478933334E-001  0.469062924385071E+000  0.768809974193573E+000
  0.100000000000000E+001 -0.196942611631004E+004  0.169332195976363E+002  0.109322322331159E+001  0.385868777220406E+002  0.690861539226825E+001 -0.211022087051087E+001  0.113428473472595E+000  0.519061267375946E+000  0.791235923767090E+000
  0.100000000000000E+001 -0.196943044232875E+004  0.175482537245889E+002  0.108791803600078E+001  0.386983519071513E+002  0.463064356357529E+001 -0.213789858341178E+001  0.951468050479889E-001  0.497927337884903E+000  0.781543195247650E+000
  0.100000000000000E+001 -0.196943853945442E+004  0.178056184020994E+002  0.107251636733473E+001  0.376867540736799E+002  0.846326207122989E+001 -0.210634741719085E+001  0.103203885257244E+000  0.502560079097748E+000  0.782026588916779E+000
  0.100000000000000E+001 -0.196952738477481E+004  0.194498271602534E+002  0.106086677801040E+001  0.349111289021074E+002  0.470783745224643E+001 -0.211323848403149E+001  0.860849693417549E-001  0.454955577850342E+000  0.758016288280487E+000
  0.100000000000000E+001 -0.196956350365553E+004  0.179038116970198E+002  0.108069219599923E+001  0.378913767645913E+002  0.100043658064749E+002 -0.210381545751661E+001  0.951148942112923E-001  0.493656903505325E+000  0.780195772647858E+000
  0.100000000000000E+001 -0.196961303361927E+004  0.177700002113056E+002  0.107292987948519E+001  0.395208226471907E+002  0.518683447374083E+001 -0.208162531072249E+001  0.928808748722076E-001  0.498395502567291E+000  0.781044125556946E+000
  0.100000000000000E+001 -0.196964259744871E+004  0.183622225763057E+002  0.106198365430310E+001  0.371193401030107E+002  0.890969915506518E+001 -0.210359681187771E+001  0.966927409172058E-001  0.490614891052246E+000  0.775336384773254E+000
  0.100000000000000E+001 -0.196968113912050E+004  0.174287083098787E+002  0.108895075787645E+001  0.375463377123953E+002  0.523409625784357E+001 -0.207786008202139E+001  0.104809701442719E+000  0.504200994968414E+000  0.783309102058411E+000
  0.100000000000000E+001 -0.196969956341127E+004  0.193967994751092E+002  0.107101790587590E+001  0.326724121310096E+002  0.601591101997838E+001 -0.211991163345598E+001  0.985682159662247E-001  0.461211323738098E+000  0.758809745311737E+000
  0.100000000000000E+001 -0.196972073511338E+004  0.190240325649819E+002  0.105179749570824E+001  0.347732269235663E+002  0.445413874549940E+001 -0.209015531864100E+001  0.100168883800507E+000  0.476369202136993E+000  0.763805985450745E+000
  0.100000000000000E+001 -0.196985629720017E+004  0.191167592472045E+002  0.107681204416768E+001  0.343088720833043E+002  0.756186395060200E+001 -0.211224555956634E+001  0.909905135631561E-001  0.460190474987030E+000  0.762003242969513E+000
  0.100000000000000E+001 -0.196991198171382E+004  0.182049221161199E+002  0.107633093152529E+001  0.375257706413445E+002  0.948388194929184E+001 -0.210666916837380E+001  0.913643687963486E-001  0.486098170280457E+000  0.775945842266083E+000
  0.100000000000000E+001 -0.196992894869437E+004  0.174660962448993E+002  0.109407483912437E+001  0.385129888919378E+002  0.878364383212975E+001 -0.211335416860950E+001  0.970270633697510E-001  0.498743385076523E+000  0.784220218658447E+000
  0.100000000000000E+001 -0.196993805248147E+004  0.173024684464243E+002  0.109177588372538E+001  0.375035193455713E+002  0.757458380287096E+001 -0.210183582442971E+001  0.108761876821518E+000  0.508765816688538E+000  0.786244213581085E+000
  0.100000000000000E+001 -0.196994782869342E+004  0.187413702658362E+002  0.108864882484339E+001  0.349665316388012E+002  0.625158044737898E+001 -0.211462835405447E+001  0.896293818950653E-001  0.462260425090790E+000  0.763595700263977E+000
  0.100000000000000E+001 -0.196995523406583E+004  0.179278269809065E+002  0.110321374282537E+001  0.344690064255719E+002  0.708308223392053E+001 -0.210078837335873E+001  0.104964911937714E+000  0.486429274082184E+000  0.774257183074951E+000
  0.100000000000000E+001 -0.196997127894319E+004  0.164949128780064E+002  0.110885593106607E+001  0.408953881644149E+002  0.559204956700931E+001 -0.210162652229593E+001  0.103361979126930E+000  0.520042181015015E+000  0.794779598712921E+000
  0.100000000000000E+001 -0.196997685347963E+004  0.164887423628678E+002  0.110286445592541E+001  0.408928718239873E+002  0.527290873950707E+001 -0.210795526134858E+001  0.107279561460018E+000  0.524544537067413E+000  0.795546710491180E+000
  0.100000000000000E+001 -0.197000103050127E+004  0.180626773233192E+002  0.108664891847698E+001  0.380218296712690E+002  0.653361228329886E+001 -0.211644976927719E+001  0.868981182575226E-001  0.481499969959259E+000  0.775010943412781E+000
  0.100000000000000E+001 -0.197002196902920E+004  0.184432374577621E+002  0.106910455375046E+001  0.349102935308136E+002  0.673402661705080E+001 -0.211819300084732E+001  0.106019213795662E+000  0.488221019506454E+000  0.771389186382294E+000
  0.100000000000000E+001 -0.197002430104198E+004  0.183789287091256E+002  0.107114031907101E+001  0.383477374050561E+002  0.422220386583325E+001 -0.211016186449088E+001  0.839970484375954E-001  0.478253662586212E+000  0.771279931068420E+000
  0.100000000000000E+001 -0.197002676613882E+004  0.177711980703300E+002  0.109128682355132E+001  0.361858605213720E+002  0.575781327312506E+001 -0.213716433977331E+001  0.102435663342476E+000  0.494027137756348E+000  0.777862608432770E+000
  0.100000000000000E+001 -0.197005073429456E+004  0.183275014899116E+002  0.107452202653429E+001  0.355672792556997E+002  0.435308135042739E+001 -0.207728912592096E+001  0.100650295615196E+000  0.484919220209122E+000  0.770866096019745E+000
  0.100000000000000E+001 -0.197005497768573E+004  0.191627241951198E+002  0.106957200009919E+001  0.344604232342812E+002  0.752228801522410E+001 -0.211986542230216E+001  0.921605378389359E-001  0.463186621665955E+000  0.762378990650177E+000
  0.100000000000000E+001 -0.197005746898099E+004  0.164229170927823E+002  0.113124876423891E+001  0.391899179721658E+002  0.523676734032257E+001 -0.212022397803942E+001  0.101729102432728E+000  0.509564042091370E+000  0.792023479938507E+000
  0.100000000000000E+001 -0.197011531053136E+004  0.189680422776913E+002  0.106745172622877E+001  0.353752705460387E+002  0.896387135969792E+001 -0.211320496218436E+001  0.917600467801094E-001  0.469587802886963E+000  0.765507400035858E+000
  0.100000000000000E+001 -0.197012206119445E+004  0.189415433830301E+002  0.106182568727399E+001  0.367342865165247E+002  0.678998430086611E+001 -0.210771218282140E+001  0.863857567310333E-001  0.468959808349609E+000  0.765293538570404E+000
  0.100000000000000E+001 -0.197012277312613E+004  0.188216732061500E+002  0.104748269985788E+001  0.364939308730664E+002  0.620540539741786E+001 -0.209942649349009E+001  0.963785797357559E-001  0.483316451311111E+000  0.768847942352295E+000
  0.100000000000000E+001 -0.197016330202798E+004  0.177210671631103E+002  0.108878832146276E+001  0.363053168767248E+002  0.788236062889395E+001 -0.209748059029843E+001  0.104805126786232E+000  0.498824775218964E+000  0.780352771282196E+000
  0.100000000000000E+001 -0.197020928298902E+004  0.164081585719730E+002  0.112144872695373E+001  0.385712719136293E+002  0.553655746514928E+001 -0.209500351334930E+001  0.112256541848183E+000  0.518549799919128E+000  0.793694376945496E+000
  0.100000000000000E+001 -0.197021765956981E+004  0.162164906338334E+002  0.111412631028502E+001  0.404647319633622E+002  0.467641465351425E+001 -0.212195993158211E+001  0.111678570508957E+000  0.526709318161011E+000  0.797268271446228E+000
  0.100000000000000E+001 -0.197032169860676E+004  0.193473560668378E+002  0.106425189744566E+001  0.332402322644319E+002  0.483359976364580E+001 -0.210546061171646E+001  0.974399596452713E-001  0.463405698537827E+000  0.759206593036652E+000
  0.100000000000000E+001 -0.197035423221842E+004  0.175654935645944E+002  0.111888264196085E+001  0.359911989587905E+002  0.490928312397777E+001 -0.212279981084751E+001  0.952414274215698E-001  0.482750028371811E+000  0.776087820529938E+000
  0.100000000000000E+001 -0.197035524789457E+004  0.167929108265972E+002  0.110498201919433E+001  0.389905902791310E+002  0.593652404660071E+001 -0.208884247149633E+001  0.107522100210190E+000  0.514754652976990E+000  0.790985703468323E+000
  0.100000000000000E+001 -0.197036164923172E+004  0.170788132721500E+002  0.111057309280295E+001  0.373476019788944E+002  0.769852869534196E+001 -0.210726959393946E+001  0.105561941862106E+000  0.505101323127747E+000  0.786793053150177E+000
  0.100000000000000E+001 -0.197039324817859E+004  0.182985047361402E+002  0.108447531669154E+001  0.341399815316545E+002  0.480440941473568E+001 -0.212734834498026E+001  0.106462486088276E+000  0.483970195055008E+000  0.769782483577728E+000
  0.100000000000000E+001 -0.197039458730271E+004  0.166034193995324E+002  0.112970193778324E+001  0.388562034327630E+002  0.489136709652017E+001 -0.211180309994644E+001  0.988083258271217E-001  0.504345059394836E+000  0.789354860782623E+000
  0.100000000000000E+001 -0.197041098799682E+004  0.168851797874494E+002  0.113017102896995E+001  0.374619132714821E+002  0.433811696821125E+001 -0.209745509641057E+001  0.975221991539001E-001  0.495811700820923E+000  0.784485042095184E+000
  0.100000000000000E+001 -0.197045624277420E+004  0.172509942184941E+002  0.112536221463171E+001  0.357906572748287E+002  0.528374506120308E+001 -0.211527744225420E+001  0.100742474198341E+000  0.491303294897079E+000  0.780077278614044E+000
  0.100000000000000E+001 -0.197054567073671E+004  0.186274137055972E+002  0.107249764728427E+001  0.347705797328601E+002  0.791166959452961E+001 -0.211469475687095E+001  0.101010307669640E+000  0.480282068252563E+000  0.768749654293060E+000
  0.100000000000000E+001 -0.197055458355561E+004  0.180127123115346E+002  0.107793867122412E+001  0.370541626378910E+002  0.693348167453092E+001 -0.212708173493943E+001  0.977416038513184E-001  0.492342829704285E+000  0.777135372161865E+000
  0.100000000000000E+001 -0.197059212512474E+004  0.183742172646290E+002  0.108100850921902E+001  0.349708524560486E+002  0.550638948481645E+001 -0.213200182266634E+001  0.100845627486706E+000  0.481619596481323E+000  0.769811928272247E+000
  0.100000000000000E+001 -0.197060378408776E+004  0.187977011495697E+002  0.106201789921702E+001  0.369890806772927E+002  0.467423449598662E+001 -0.209070419494173E+001  0.869906172156334E-001  0.471729815006256E+000  0.766247928142548E+000
  0.100000000000000E+001 -0.197062931666833E+004  0.172352908963252E+002  0.109547320206868E+001  0.371334848207198E+002  0.625821718652615E+001 -0.211240504417427E+001  0.110182419419289E+000  0.508980393409729E+000  0.785851657390594E+000
  0.100000000000000E+001 -0.197064361405935E+004  0.180264569854341E+002  0.108523536308127E+001  0.356536155208115E+002  0.443535387101226E+001 -0.208112167665790E+001  0.102230347692966E+000  0.488886713981628E+000  0.773883223533630E+000
  0.100000000000000E+001 -0.197070788539794E+004  0.176185137850785E+002  0.108634463048293E+001  0.381245914764975E+002  0.564745839511939E+001 -0.212945877449352E+001  0.975150465965271E-001  0.497958272695541E+000  0.781235039234161E+000
  0.100000000000000E+001 -0.197072267620301E+004  0.185380157467518E+002  0.107287377194941E+001  0.350066856067613E+002  0.673977001301286E+001 -0.209185068698096E+001  0.101077273488045E+000  0.481881111860275E+000  0.769405424594879E+000
  0.100000000000000E+001 -0.197076156803968E+004  0.163464336241531E+002  0.111329709803664E+001  0.403505436045593E+002  0.435564191474178E+001 -0.208952583040739E+001  0.108077794313431E+000  0.522225975990295E+000  0.795392513275146E+000
  0.100000000000000E+001 -0.197079390927560E+004  0.183931427603068E+002  0.107677215329695E+001  0.366215638020310E+002  0.866440183904344E+001 -0.211028658455167E+001  0.926208198070526E-001  0.481056362390518E+000  0.772442698478699E+000
  0.100000000000000E+001 -0.197080587693093E+004  0.166806593694480E+002  0.109426567821616E+001  0.402468542563704E+002  0.446704391353237E+001 -0.211351736568554E+001  0.109707877039909E+000  0.523609280586243E+000  0.793544650077820E+000
  0.100000000000000E+001 -0.197081511712488E+004  0.180505337371688E+002  0.108850538101548E+001  0.357869095723207E+002  0.510429191592198E+001 -0.213490749373785E+001  0.994104743003845E-001  0.486005812883377E+000  0.773500740528107E+000
  0.100000000000000E+001 -0.197081587417482E+004  0.185496565115989E+002  0.108373993704185E+001  0.338136041959114E+002  0.613402371458290E+001 -0.210910235775529E+001  0.103326365351677E+000  0.477180063724518E+000  0.766927301883698E+000
  0.100000000000000E+001 -0.197083723667707E+004  0.185586148108871E+002  0.106697438024725E+001  0.360381860646718E+002  0.592804814821475E+001 -0.212931565481101E+001  0.963423997163773E-001  0.481290280818939E+000  0.769629597663879E+000
  0.100000000000000E+001 -0.197092352836166E+004  0.184879095661650E+002  0.105548648423704E+001  0.364388579960301E+002  0.536496283446794E+001 -0.210546429158826E+001  0.100560829043388E+000  0.489915192127228E+000  0.772160589694977E+000
  0.100000000000000E+001 -0.197095096356800E+004  0.181571465242710E+002  0.106972205361139E+001  0.359241871028050E+002  0.587352758363461E+001 -0.211273797748716E+001  0.105499908328056E+000  0.494793295860291E+000  0.775262415409088E+000
  0.100000000000000E+001 -0.197097604377848E+004  0.181359281166698E+002  0.106848919739806E+001  0.384779889612564E+002  0.485003936092949E+001 -0.208988140558588E+001  0.900193601846695E-001  0.489426702260971E+000  0.775750100612640E+000
  0.100000000000000E+001 -0.197105515983682E+004  0.171671408171036E+002  0.110343554959272E+001  0.369037897131001E+002  0.542895552468741E+001 -0.212284384656139E+001  0.108289167284966E+000  0.506087481975555E+000  0.785026788711548E+000
  0.100000000000000E+001 -0.197106300825935E+004  0.165925692138301E+002  0.112227643991644E+001  0.393122371684048E+002  0.522776777300416E+001 -0.211319698006457E+001  0.101075366139412E+000  0.509127140045166E+000  0.790931999683380E+000
  0.100000000000000E+001 -0.197106485620274E+004  0.186846933922795E+002  0.106708781994845E+001  0.344700933554435E+002  0.549542559823946E+001 -0.210924430902895E+001  0.103506505489349E+000  0.480714827775955E+000  0.767067611217499E+000
  0.100000000000000E+001 -0.197107840794887E+004  0.165345780217841E+002  0.112035406966047E+001  0.391193668478306E+002  0.488974781566802E+001 -0.209375957389499E+001  0.104923933744431E+000  0.512985050678253E+000  0.791829407215118E+000
  0.100000000000000E+001 -0.197111285883631E+004  0.190885288815405E+002  0.106054889449051E+001  0.357224085462219E+002  0.614935331071019E+001 -0.210504948235145E+001  0.894654095172882E-001  0.466617256402969E+000  0.763006925582886E+000
  0.100000000000000E+001 -0.197117872800509E+004  0.174928613426367E+002  0.109773533382475E+001  0.378543218299734E+002  0.755650622178512E+001 -0.211021850817583E+001  0.974936783313751E-001  0.496625036001205E+000  0.782482206821442E+000
  0.100000000000000E+001 -0.197120000076874E+004  0.175656812137332E+002  0.107874586508586E+001  0.392553712166968E+002  0.573316749662269E+001 -0.209793380776404E+001  0.972593873739243E-001  0.503061473369598E+000  0.783505976200104E+000
  0.100000000000000E+001 -0.197120979035094E+004  0.175872448500191E+002  0.109949690197511E+001  0.354921722445717E+002  0.525952811921127E+001 -0.212026349673144E+001  0.107570245862007E+000  0.497052460908890E+000  0.778943717479706E+000
  0.100000000000000E+001 -0.197125798953112E+004  0.170970771922359E+002  0.110333783811982E+001  0.391573032289040E+002  0.594024540223980E+001 -0.211399382063477E+001  0.980388969182968E-001  0.503915905952454E+000  0.786824524402618E+000
  0.100000000000000E+001 -0.197128653012712E+004  0.177781052818436E+002  0.108678986439441E+001  0.382163114062322E+002  0.599920807464870E+001 -0.209303754175930E+001  0.925567001104355E-001  0.491605103015900E+000  0.778999149799347E+000
  0.100000000000000E+001 -0.197129518367089E+004  0.179567552071376E+002  0.108332202247084E+001  0.369946746401587E+002  0.735884980131561E+001 -0.211841158852174E+001  0.970777273178101E-001  0.491276919841766E+000  0.777403891086578E+000
  0.100000000000000E+001 -0.197136194630681E+004  0.187479629098911E+002  0.108547838362793E+001  0.333547168814565E+002  0.423908062977497E+001 -0.210855488848703E+001  0.999885797500610E-001  0.467753916978836E+000  0.762520611286163E+000
  0.100000000000000E+001 -0.197145484744888E+004  0.170270009430747E+002  0.112270832827986E+001  0.370630762419383E+002  0.446398235981283E+001 -0.211727072060516E+001  0.996326208114624E-001  0.496877372264862E+000  0.783511281013489E+000
  0.100000000000000E+001 -0.197154624721016E+004  0.167979211023167E+002  0.110327691955478E+001  0.388166468082725E+002  0.515286979098597E+001 -0.210069244417212E+001  0.108932323753834E+000  0.515746533870697E+000  0.790667235851288E+000
  0.100000000000000E+001 -0.197154785717643E+004  0.181767993408687E+002  0.107121588049151E+001  0.383397939654920E+002  0.454905997288156E+001 -0.210065786617001E+001  0.882793664932251E-001  0.486086905002594E+000  0.774507164955139E+000
  0.100000000000000E+001 -0.197154918492157E+004  0.181834492319923E+002  0.108293544498803E+001  0.357261864301068E+002  0.501878718215420E+001 -0.212970309753500E+001  0.992620885372162E-001  0.484836339950562E+000  0.772243320941925E+000
  0.100000000000000E+001 -0.197158500012640E+004  0.181050821000313E+002  0.109516868224117E+001  0.343026002254271E+002  0.430206114710872E+001 -0.210273214713606E+001  0.104583516716957E+000  0.483177423477173E+000  0.770803987979889E+000
  0.100000000000000E+001 -0.197158573910471E+004  0.177164794829474E+002  0.109812843759804E+001  0.369397371770237E+002  0.681170042115001E+001 -0.209941093077215E+001  0.960532873868942E-001  0.490237236022949E+000  0.778499424457550E+000
  0.100000000000000E+001 -0.197167783397473E+004  0.169246851531485E+002  0.110013637114665E+001  0.385851398286164E+002  0.501542532911192E+001 -0.211692209776650E+001  0.108031779527664E+000  0.513545036315918E+000  0.789162456989288E+000
  0.100000000000000E+001 -0.197177941556730E+004  0.177478190261929E+002  0.109006249185987E+001  0.366069879636966E+002  0.635071608463092E+001 -0.209763516959125E+001  0.100976258516312E+000  0.495004415512085E+000  0.778878867626190E+000
  0.100000000000000E+001 -0.197183476828370E+004  0.176364929296966E+002  0.107877835720770E+001  0.388280323689809E+002  0.525755743811353E+001 -0.211015255863895E+001  0.971398502588272E-001  0.500997483730316E+000  0.782044231891632E+000
  0.100000000000000E+001 -0.197196729225099E+004  0.175316249659401E+002  0.108523483939973E+001  0.385369354461393E+002  0.521957080157848E+001 -0.211629858752510E+001  0.982275232672691E-001  0.501065433025360E+000  0.782541096210480E+000
  0.100000000000000E+001 -0.197199054394916E+004  0.174628644741705E+002  0.110080798563002E+001  0.366475898606105E+002  0.597927186042549E+001 -0.211468003073586E+001  0.102306008338928E+000  0.498081386089325E+000  0.781309008598328E+000
  0.100000000000000E+001 -0.197203115330305E+004  0.178502787515158E+002  0.107171371033713E+001  0.383172521126054E+002  0.468782499715269E+001 -0.211086433489220E+001  0.970668345689774E-001  0.498291254043579E+000  0.779426515102386E+000
  0.100000000000000E+001 -0.197203594329313E+004  0.171123791123338E+002  0.110219526067076E+001  0.393309710796388E+002  0.465004734844724E+001 -0.210509946461027E+001  0.965375527739525E-001  0.503117501735687E+000  0.786014139652252E+000
  0.100000000000000E+001 -0.197205580949793E+004  0.182729273401644E+002  0.108004777007778E+001  0.361803575276610E+002  0.673509894626357E+001 -0.210158290410771E+001  0.963522046804428E-001  0.483586341142654E+000  0.772601902484894E+000
  0.100000000000000E+001 -0.197209454214032E+004  0.167914073912733E+002  0.111170349616008E+001  0.381304464310222E+002  0.430346264298466E+001 -0.210336531443772E+001  0.107369661331177E+000  0.511054098606110E+000  0.788838565349579E+000
  0.100000000000000E+001 -0.197218005947333E+004  0.179683099808498E+002  0.107725148018796E+001  0.380269752811054E+002  0.469356209215074E+001 -0.211505633328862E+001  0.923710763454437E-001  0.490524649620056E+000  0.776744663715363E+000
  0.100000000000000E+001 -0.197229551650737E+004  0.174137906690988E+002  0.110254454769401E+001  0.369622913699654E+002  0.518590881505359E+001 -0.211759838256129E+001  0.100545451045036E+000  0.497059881687164E+000  0.781264245510101E+000
  0.100000000000000E+001 -0.197241569041542E+004  0.184600904810440E+002  0.107292847321004E+001  0.354237425732523E+002  0.506224580019839E+001 -0.210509293183288E+001  0.994582176208496E-001  0.482059031724930E+000  0.769505083560944E+000
  0.100000000000000E+001 -0.197246876566019E+004  0.181569620617705E+002  0.108372739648491E+001  0.357782937144507E+002  0.564198453419067E+001 -0.210267389566872E+001  0.994216650724411E-001  0.485698610544205E+000  0.772970736026764E+000
  0.100000000000000E+001 -0.197248365623233E+004  0.178871973104283E+002  0.110082512642624E+001  0.356169735706323E+002  0.446320901821031E+001 -0.210850119851607E+001  0.983813107013702E-001  0.483857154846191E+000  0.773660719394684E+000
  0.100000000000000E+001 -0.197260164263974E+004  0.174468523596601E+002  0.109326286681027E+001  0.384881589480285E+002  0.451527735341138E+001 -0.210639763622399E+001  0.961662530899048E-001  0.498380243778229E+000  0.782119393348694E+000
  0.100000000000000E+001 -0.197262089033111E+004  0.176489190724888E+002  0.108087148800563E+001  0.380363954259729E+002  0.439108894078370E+001 -0.211349985267864E+001  0.993502736091614E-001  0.500026404857635E+000  0.780825793743134E+000
